nohup: ignoring input
Loaded image data (1080, 1920, 3, 814) [1080.         1920.         1297.42918023]
GT poses: tensor([[[ 8.2356e-01,  5.5753e-01, -1.0444e-01, -2.9757e-01],
         [-5.6011e-01,  8.2840e-01,  5.4299e-03,  4.1239e-01],
         [ 8.9547e-02,  5.4027e-02,  9.9452e-01,  1.8366e+00],
         [ 0.0000e+00,  0.0000e+00,  0.0000e+00,  1.0000e+00]],

        [[ 8.1812e-01,  5.6492e-01, -1.0748e-01, -2.9810e-01],
         [-5.6974e-01,  8.2162e-01, -1.8270e-02,  4.1213e-01],
         [ 7.7989e-02,  7.6183e-02,  9.9404e-01,  1.8339e+00],
         [ 0.0000e+00,  0.0000e+00,  0.0000e+00,  1.0000e+00]],

        [[ 8.1499e-01,  5.6944e-01, -1.0739e-01, -2.9831e-01],
         [-5.7482e-01,  8.1788e-01, -2.5488e-02,  4.1203e-01],
         [ 7.3317e-02,  8.2501e-02,  9.9389e-01,  1.8326e+00],
         [ 0.0000e+00,  0.0000e+00,  0.0000e+00,  1.0000e+00]],

        [[ 8.1334e-01,  5.7231e-01, -1.0465e-01, -2.9870e-01],
         [-5.7819e-01,  8.1511e-01, -3.5982e-02,  4.1214e-01],
         [ 6.4707e-02,  8.9772e-02,  9.9386e-01,  1.8299e+00],
         [ 0.0000e+00,  0.0000e+00,  0.0000e+00,  1.0000e+00]],

        [[ 8.1351e-01,  5.7445e-01, -9.0565e-02, -2.9888e-01],
         [-5.7919e-01,  8.1434e-01, -3.7240e-02,  4.1226e-01],
         [ 5.2359e-02,  8.2750e-02,  9.9519e-01,  1.8286e+00],
         [ 0.0000e+00,  0.0000e+00,  0.0000e+00,  1.0000e+00]],

        [[ 8.2109e-01,  5.6543e-01, -7.8090e-02, -2.9924e-01],
         [-5.6920e-01,  8.2133e-01, -3.7804e-02,  4.1263e-01],
         [ 4.2762e-02,  7.5489e-02,  9.9623e-01,  1.8260e+00],
         [ 0.0000e+00,  0.0000e+00,  0.0000e+00,  1.0000e+00]],

        [[ 8.1411e-01,  5.7443e-01, -8.5187e-02, -2.9963e-01],
         [-5.7915e-01,  8.1388e-01, -4.6674e-02,  4.1285e-01],
         [ 4.2521e-02,  8.7334e-02,  9.9527e-01,  1.8234e+00],
         [ 0.0000e+00,  0.0000e+00,  0.0000e+00,  1.0000e+00]],

        [[ 8.1339e-01,  5.7431e-01, -9.2529e-02, -2.9995e-01],
         [-5.8004e-01,  8.1279e-01, -5.4142e-02,  4.1280e-01],
         [ 4.4113e-02,  9.7709e-02,  9.9424e-01,  1.8220e+00],
         [ 0.0000e+00,  0.0000e+00,  0.0000e+00,  1.0000e+00]],

        [[ 8.1829e-01,  5.6602e-01, -1.0013e-01, -3.0106e-01],
         [-5.7341e-01,  8.1595e-01, -7.3698e-02,  4.1245e-01],
         [ 3.9986e-02,  1.1772e-01,  9.9224e-01,  1.8190e+00],
         [ 0.0000e+00,  0.0000e+00,  0.0000e+00,  1.0000e+00]],

        [[ 8.2759e-01,  5.5127e-01, -1.0582e-01, -3.0179e-01],
         [-5.5985e-01,  8.2430e-01, -8.4258e-02,  4.1221e-01],
         [ 4.0782e-02,  1.2898e-01,  9.9081e-01,  1.8174e+00],
         [ 0.0000e+00,  0.0000e+00,  0.0000e+00,  1.0000e+00]],

        [[ 8.2346e-01,  5.5631e-01, -1.1151e-01, -3.0323e-01],
         [-5.6501e-01,  8.2197e-01, -7.1620e-02,  4.1178e-01],
         [ 5.1813e-02,  1.2198e-01,  9.9118e-01,  1.8139e+00],
         [ 0.0000e+00,  0.0000e+00,  0.0000e+00,  1.0000e+00]],

        [[ 8.2345e-01,  5.5632e-01, -1.1150e-01, -3.0323e-01],
         [-5.6501e-01,  8.2197e-01, -7.1629e-02,  4.1177e-01],
         [ 5.1798e-02,  1.2198e-01,  9.9118e-01,  1.8139e+00],
         [ 0.0000e+00,  0.0000e+00,  0.0000e+00,  1.0000e+00]],

        [[ 8.2346e-01,  5.5631e-01, -1.1151e-01, -3.0323e-01],
         [-5.6501e-01,  8.2197e-01, -7.1664e-02,  4.1177e-01],
         [ 5.1793e-02,  1.2202e-01,  9.9118e-01,  1.8139e+00],
         [ 0.0000e+00,  0.0000e+00,  0.0000e+00,  1.0000e+00]],

        [[ 8.2346e-01,  5.5631e-01, -1.1151e-01, -3.0323e-01],
         [-5.6501e-01,  8.2197e-01, -7.1664e-02,  4.1177e-01],
         [ 5.1793e-02,  1.2202e-01,  9.9118e-01,  1.8139e+00],
         [ 0.0000e+00,  0.0000e+00,  0.0000e+00,  1.0000e+00]],

        [[ 8.2346e-01,  5.5631e-01, -1.1151e-01, -3.0323e-01],
         [-5.6501e-01,  8.2197e-01, -7.1664e-02,  4.1177e-01],
         [ 5.1793e-02,  1.2202e-01,  9.9118e-01,  1.8139e+00],
         [ 0.0000e+00,  0.0000e+00,  0.0000e+00,  1.0000e+00]],

        [[ 8.2346e-01,  5.5631e-01, -1.1151e-01, -3.0323e-01],
         [-5.6501e-01,  8.2197e-01, -7.1664e-02,  4.1177e-01],
         [ 5.1793e-02,  1.2202e-01,  9.9118e-01,  1.8139e+00],
         [ 0.0000e+00,  0.0000e+00,  0.0000e+00,  1.0000e+00]],

        [[ 7.9706e-01,  5.8644e-01, -1.4415e-01, -3.0664e-01],
         [-5.9432e-01,  8.0409e-01, -1.4903e-02,  4.1159e-01],
         [ 1.0717e-01,  9.7551e-02,  9.8944e-01,  1.7956e+00],
         [ 0.0000e+00,  0.0000e+00,  0.0000e+00,  1.0000e+00]],

        [[ 7.9236e-01,  5.8183e-01, -1.8341e-01, -3.0743e-01],
         [-5.9290e-01,  8.0525e-01, -6.9446e-03,  4.1050e-01],
         [ 1.4365e-01,  1.1424e-01,  9.8301e-01,  1.7917e+00],
         [ 0.0000e+00,  0.0000e+00,  0.0000e+00,  1.0000e+00]],

        [[ 7.9777e-01,  5.7271e-01, -1.8859e-01, -3.0824e-01],
         [-5.8844e-01,  8.0773e-01, -3.6293e-02,  4.0895e-01],
         [ 1.3155e-01,  1.3993e-01,  9.8138e-01,  1.7875e+00],
         [ 0.0000e+00,  0.0000e+00,  0.0000e+00,  1.0000e+00]],

        [[ 7.9709e-01,  5.7469e-01, -1.8540e-01, -3.0857e-01],
         [-5.9067e-01,  8.0584e-01, -4.1568e-02,  4.0815e-01],
         [ 1.2551e-01,  1.4264e-01,  9.8178e-01,  1.7851e+00],
         [ 0.0000e+00,  0.0000e+00,  0.0000e+00,  1.0000e+00]],

        [[ 7.9778e-01,  5.7529e-01, -1.8054e-01, -3.0894e-01],
         [-5.9576e-01,  7.9820e-01, -8.9114e-02,  4.0689e-01],
         [ 9.2843e-02,  1.7865e-01,  9.7952e-01,  1.7799e+00],
         [ 0.0000e+00,  0.0000e+00,  0.0000e+00,  1.0000e+00]],

        [[ 8.1059e-01,  5.5360e-01, -1.9096e-01, -3.0892e-01],
         [-5.7945e-01,  8.0539e-01, -1.2483e-01,  4.0624e-01],
         [ 8.4690e-02,  2.1183e-01,  9.7363e-01,  1.7747e+00],
         [ 0.0000e+00,  0.0000e+00,  0.0000e+00,  1.0000e+00]],

        [[ 8.0528e-01,  5.6337e-01, -1.8476e-01, -3.0871e-01],
         [-5.8892e-01,  7.9608e-01, -1.3940e-01,  4.0627e-01],
         [ 6.8551e-02,  2.2107e-01,  9.7285e-01,  1.7722e+00],
         [ 0.0000e+00,  0.0000e+00,  0.0000e+00,  1.0000e+00]],

        [[ 8.3221e-01,  5.1698e-01, -2.0038e-01, -3.0833e-01],
         [-5.4542e-01,  8.2829e-01, -1.2826e-01,  4.0631e-01],
         [ 9.9664e-02,  2.1603e-01,  9.7129e-01,  1.7672e+00],
         [ 0.0000e+00,  0.0000e+00,  0.0000e+00,  1.0000e+00]],

        [[ 8.4054e-01,  4.9682e-01, -2.1600e-01, -3.0815e-01],
         [-5.3000e-01,  8.3669e-01, -1.3799e-01,  4.0622e-01],
         [ 1.1217e-01,  2.3046e-01,  9.6659e-01,  1.7649e+00],
         [ 0.0000e+00,  0.0000e+00,  0.0000e+00,  1.0000e+00]],

        [[ 8.3638e-01,  4.8488e-01, -2.5566e-01, -3.0796e-01],
         [-5.2719e-01,  8.3928e-01, -1.3294e-01,  4.0559e-01],
         [ 1.5011e-01,  2.4597e-01,  9.5758e-01,  1.7607e+00],
         [ 0.0000e+00,  0.0000e+00,  0.0000e+00,  1.0000e+00]],

        [[ 8.1646e-01,  5.1006e-01, -2.7061e-01, -3.0809e-01],
         [-5.5401e-01,  8.2407e-01, -1.1827e-01,  4.0489e-01],
         [ 1.6267e-01,  2.4648e-01,  9.5540e-01,  1.7564e+00],
         [ 0.0000e+00,  0.0000e+00,  0.0000e+00,  1.0000e+00]],

        [[ 8.0806e-01,  5.1800e-01, -2.8055e-01, -3.0808e-01],
         [-5.6525e-01,  8.1590e-01, -1.2163e-01,  4.0489e-01],
         [ 1.6590e-01,  2.5687e-01,  9.5210e-01,  1.7542e+00],
         [ 0.0000e+00,  0.0000e+00,  0.0000e+00,  1.0000e+00]],

        [[ 8.0673e-01,  5.2336e-01, -2.7437e-01, -3.0769e-01],
         [-5.7279e-01,  8.0671e-01, -1.4537e-01,  4.0555e-01],
         [ 1.4526e-01,  2.7443e-01,  9.5057e-01,  1.7494e+00],
         [ 0.0000e+00,  0.0000e+00,  0.0000e+00,  1.0000e+00]],

        [[ 8.0001e-01,  5.4392e-01, -2.5323e-01, -3.0734e-01],
         [-5.8696e-01,  7.9697e-01, -1.4251e-01,  4.0590e-01],
         [ 1.2430e-01,  2.6265e-01,  9.5685e-01,  1.7470e+00],
         [ 0.0000e+00,  0.0000e+00,  0.0000e+00,  1.0000e+00]],

        [[ 7.9976e-01,  5.5945e-01, -2.1770e-01, -3.0658e-01],
         [-5.9593e-01,  7.8364e-01, -1.7544e-01,  4.0688e-01],
         [ 7.2446e-02,  2.7005e-01,  9.6012e-01,  1.7429e+00],
         [ 0.0000e+00,  0.0000e+00,  0.0000e+00,  1.0000e+00]],

        [[ 7.9353e-01,  5.6807e-01, -2.1821e-01, -3.0522e-01],
         [-5.9979e-01,  7.9069e-01, -1.2275e-01,  4.0757e-01],
         [ 1.0280e-01,  2.2828e-01,  9.6815e-01,  1.7390e+00],
         [ 0.0000e+00,  0.0000e+00,  0.0000e+00,  1.0000e+00]],

        [[ 8.0776e-01,  5.3685e-01, -2.4354e-01, -3.0422e-01],
         [-5.7016e-01,  8.1644e-01, -9.1368e-02,  4.0802e-01],
         [ 1.4979e-01,  2.1266e-01,  9.6558e-01,  1.7370e+00],
         [ 0.0000e+00,  0.0000e+00,  0.0000e+00,  1.0000e+00]],

        [[ 8.1647e-01,  5.4120e-01, -2.0121e-01, -3.0174e-01],
         [-5.6423e-01,  8.2183e-01, -7.9043e-02,  4.1004e-01],
         [ 1.2258e-01,  1.7806e-01,  9.7635e-01,  1.7332e+00],
         [ 0.0000e+00,  0.0000e+00,  0.0000e+00,  1.0000e+00]],

        [[ 7.9320e-01,  5.8253e-01, -1.7746e-01, -3.0025e-01],
         [-6.0020e-01,  7.9710e-01, -6.6213e-02,  4.1102e-01],
         [ 1.0288e-01,  1.5903e-01,  9.8190e-01,  1.7311e+00],
         [ 0.0000e+00,  0.0000e+00,  0.0000e+00,  1.0000e+00]],

        [[ 7.7924e-01,  5.9810e-01, -1.8724e-01, -2.9747e-01],
         [-6.1204e-01,  7.9052e-01, -2.1967e-02,  4.1211e-01],
         [ 1.3488e-01,  1.3171e-01,  9.8207e-01,  1.7265e+00],
         [ 0.0000e+00,  0.0000e+00,  0.0000e+00,  1.0000e+00]],

        [[ 7.5116e-01,  6.3915e-01, -1.6509e-01, -2.9572e-01],
         [-6.5277e-01,  7.5642e-01, -4.1576e-02,  4.1265e-01],
         [ 9.8302e-02,  1.3899e-01,  9.8540e-01,  1.7225e+00],
         [ 0.0000e+00,  0.0000e+00,  0.0000e+00,  1.0000e+00]],

        [[ 7.6286e-01,  6.2072e-01, -1.8098e-01, -2.9516e-01],
         [-6.3735e-01,  7.6902e-01, -4.8987e-02,  4.1284e-01],
         [ 1.0877e-01,  1.5272e-01,  9.8227e-01,  1.7206e+00],
         [ 0.0000e+00,  0.0000e+00,  0.0000e+00,  1.0000e+00]],

        [[ 7.8089e-01,  6.0665e-01, -1.4895e-01, -2.9440e-01],
         [-6.1462e-01,  7.8876e-01, -9.7881e-03,  4.1291e-01],
         [ 1.1154e-01,  9.9189e-02,  9.8880e-01,  1.7164e+00],
         [ 0.0000e+00,  0.0000e+00,  0.0000e+00,  1.0000e+00]],

        [[ 7.8156e-01,  6.0810e-01, -1.3922e-01, -2.9396e-01],
         [-6.1368e-01,  7.8955e-01,  3.5934e-03,  4.1308e-01],
         [ 1.1211e-01,  8.2631e-02,  9.9025e-01,  1.7144e+00],
         [ 0.0000e+00,  0.0000e+00,  0.0000e+00,  1.0000e+00]],

        [[ 8.0373e-01,  5.8780e-01, -9.2252e-02, -2.9339e-01],
         [-5.8886e-01,  8.0803e-01,  1.8159e-02,  4.1349e-01],
         [ 8.5216e-02,  3.9728e-02,  9.9557e-01,  1.7106e+00],
         [ 0.0000e+00,  0.0000e+00,  0.0000e+00,  1.0000e+00]],

        [[ 7.9605e-01,  5.9921e-01, -8.5150e-02, -2.9276e-01],
         [-6.0231e-01,  7.9813e-01, -1.4365e-02,  4.1403e-01],
         [ 5.9354e-02,  6.2722e-02,  9.9626e-01,  1.7070e+00],
         [ 0.0000e+00,  0.0000e+00,  0.0000e+00,  1.0000e+00]],

        [[ 7.9412e-01,  5.9867e-01, -1.0472e-01, -2.9271e-01],
         [-6.0388e-01,  7.9669e-01, -2.4765e-02,  4.1401e-01],
         [ 6.8603e-02,  8.2904e-02,  9.9419e-01,  1.7053e+00],
         [ 0.0000e+00,  0.0000e+00,  0.0000e+00,  1.0000e+00]],

        [[ 7.9878e-01,  5.8848e-01, -1.2507e-01, -2.9311e-01],
         [-5.9649e-01,  8.0176e-01, -3.7105e-02,  4.1318e-01],
         [ 7.8440e-02,  1.0424e-01,  9.9145e-01,  1.7016e+00],
         [ 0.0000e+00,  0.0000e+00,  0.0000e+00,  1.0000e+00]],

        [[ 8.0167e-01,  5.8470e-01, -1.2430e-01, -2.9346e-01],
         [-5.9155e-01,  8.0590e-01, -2.4294e-02,  4.1256e-01],
         [ 8.5965e-02,  9.3003e-02,  9.9195e-01,  1.6996e+00],
         [ 0.0000e+00,  0.0000e+00,  0.0000e+00,  1.0000e+00]],

        [[ 8.0028e-01,  5.8450e-01, -1.3385e-01, -2.9390e-01],
         [-5.9062e-01,  8.0691e-01, -7.6726e-03,  4.1147e-01],
         [ 1.0352e-01,  8.5197e-02,  9.9097e-01,  1.6956e+00],
         [ 0.0000e+00,  0.0000e+00,  0.0000e+00,  1.0000e+00]],

        [[ 8.0836e-01,  5.7742e-01, -1.1463e-01, -2.9409e-01],
         [-5.8118e-01,  8.1377e-01,  7.5217e-04,  4.1087e-01],
         [ 9.3715e-02,  6.6011e-02,  9.9341e-01,  1.6916e+00],
         [ 0.0000e+00,  0.0000e+00,  0.0000e+00,  1.0000e+00]],

        [[ 8.1318e-01,  5.6869e-01, -1.2379e-01, -2.9405e-01],
         [-5.7205e-01,  8.2016e-01,  9.9659e-03,  4.1069e-01],
         [ 1.0719e-01,  6.2710e-02,  9.9226e-01,  1.6895e+00],
         [ 0.0000e+00,  0.0000e+00,  0.0000e+00,  1.0000e+00]],

        [[ 8.1223e-01,  5.7733e-01, -8.3536e-02, -2.9404e-01],
         [-5.7788e-01,  8.1588e-01,  1.9871e-02,  4.1024e-01],
         [ 7.9627e-02,  3.2134e-02,  9.9631e-01,  1.6857e+00],
         [ 0.0000e+00,  0.0000e+00,  0.0000e+00,  1.0000e+00]],

        [[ 8.1064e-01,  5.7404e-01, -1.1550e-01, -2.9389e-01],
         [-5.7391e-01,  8.1805e-01,  3.7700e-02,  4.0996e-01],
         [ 1.1612e-01,  3.5723e-02,  9.9259e-01,  1.6836e+00],
         [ 0.0000e+00,  0.0000e+00,  0.0000e+00,  1.0000e+00]],

        [[ 7.8359e-01,  6.0249e-01, -1.5162e-01, -2.9392e-01],
         [-6.0494e-01,  7.9551e-01,  3.4695e-02,  4.0923e-01],
         [ 1.4152e-01,  6.4537e-02,  9.8783e-01,  1.6797e+00],
         [ 0.0000e+00,  0.0000e+00,  0.0000e+00,  1.0000e+00]],

        [[ 7.9008e-01,  5.8977e-01, -1.6717e-01, -2.9445e-01],
         [-5.9417e-01,  8.0386e-01,  2.7858e-02,  4.0790e-01],
         [ 1.5081e-01,  7.7318e-02,  9.8553e-01,  1.6758e+00],
         [ 0.0000e+00,  0.0000e+00,  0.0000e+00,  1.0000e+00]],

        [[ 7.9345e-01,  5.7827e-01, -1.8984e-01, -2.9466e-01],
         [-5.8518e-01,  8.1057e-01,  2.3237e-02,  4.0724e-01],
         [ 1.6731e-01,  9.2652e-02,  9.8154e-01,  1.6737e+00],
         [ 0.0000e+00,  0.0000e+00,  0.0000e+00,  1.0000e+00]],

        [[ 7.9418e-01,  5.7738e-01, -1.8952e-01, -2.9491e-01],
         [-5.8972e-01,  8.0754e-01, -1.0993e-02,  4.0612e-01],
         [ 1.4670e-01,  1.2049e-01,  9.8181e-01,  1.6693e+00],
         [ 0.0000e+00,  0.0000e+00,  0.0000e+00,  1.0000e+00]],

        [[ 7.9046e-01,  5.8292e-01, -1.8809e-01, -2.9493e-01],
         [-5.9874e-01,  8.0011e-01, -3.6545e-02,  4.0564e-01],
         [ 1.2919e-01,  1.4150e-01,  9.8147e-01,  1.6671e+00],
         [ 0.0000e+00,  0.0000e+00,  0.0000e+00,  1.0000e+00]],

        [[ 7.9066e-01,  5.8166e-01, -1.9111e-01, -2.9481e-01],
         [-5.9761e-01,  8.0106e-01, -3.4307e-02,  4.0470e-01],
         [ 1.3314e-01,  1.4133e-01,  9.8097e-01,  1.6624e+00],
         [ 0.0000e+00,  0.0000e+00,  0.0000e+00,  1.0000e+00]],

        [[ 7.6839e-01,  6.1888e-01, -1.6300e-01, -2.9464e-01],
         [-6.3117e-01,  7.7494e-01, -3.3089e-02,  4.0427e-01],
         [ 1.0583e-01,  1.2830e-01,  9.8607e-01,  1.6580e+00],
         [ 0.0000e+00,  0.0000e+00,  0.0000e+00,  1.0000e+00]],

        [[ 7.6970e-01,  6.1838e-01, -1.5865e-01, -2.9468e-01],
         [-6.3033e-01,  7.7553e-01, -3.5221e-02,  4.0418e-01],
         [ 1.0126e-01,  1.2711e-01,  9.8671e-01,  1.6559e+00],
         [ 0.0000e+00,  0.0000e+00,  0.0000e+00,  1.0000e+00]],

        [[ 7.6142e-01,  6.3254e-01, -1.4190e-01, -2.9507e-01],
         [-6.4495e-01,  7.6126e-01, -6.7340e-02,  4.0387e-01],
         [ 6.5424e-02,  1.4279e-01,  9.8759e-01,  1.6517e+00],
         [ 0.0000e+00,  0.0000e+00,  0.0000e+00,  1.0000e+00]],

        [[ 7.6357e-01,  6.2780e-01, -1.5109e-01, -2.9547e-01],
         [-6.4170e-01,  7.6384e-01, -6.9120e-02,  4.0351e-01],
         [ 7.2016e-02,  1.4973e-01,  9.8610e-01,  1.6496e+00],
         [ 0.0000e+00,  0.0000e+00,  0.0000e+00,  1.0000e+00]],

        [[ 7.6205e-01,  6.2628e-01, -1.6446e-01, -2.9653e-01],
         [-6.4185e-01,  7.6414e-01, -6.4177e-02,  4.0261e-01],
         [ 8.5480e-02,  1.5447e-01,  9.8429e-01,  1.6452e+00],
         [ 0.0000e+00,  0.0000e+00,  0.0000e+00,  1.0000e+00]],

        [[ 7.5149e-01,  6.3618e-01, -1.7475e-01, -2.9751e-01],
         [-6.5320e-01,  7.5467e-01, -6.1638e-02,  4.0183e-01],
         [ 9.2662e-02,  1.6047e-01,  9.8268e-01,  1.6407e+00],
         [ 0.0000e+00,  0.0000e+00,  0.0000e+00,  1.0000e+00]],

        [[ 7.5542e-01,  6.2262e-01, -2.0415e-01, -2.9784e-01],
         [-6.4535e-01,  7.6092e-01, -6.7335e-02,  4.0157e-01],
         [ 1.1342e-01,  1.8261e-01,  9.7662e-01,  1.6385e+00],
         [ 0.0000e+00,  0.0000e+00,  0.0000e+00,  1.0000e+00]],

        [[ 7.5649e-01,  6.1383e-01, -2.2570e-01, -2.9820e-01],
         [-6.4026e-01,  7.6548e-01, -6.4120e-02,  4.0133e-01],
         [ 1.3341e-01,  1.9301e-01,  9.7208e-01,  1.6341e+00],
         [ 0.0000e+00,  0.0000e+00,  0.0000e+00,  1.0000e+00]],

        [[ 7.6755e-01,  5.9600e-01, -2.3589e-01, -2.9830e-01],
         [-6.2373e-01,  7.7928e-01, -6.0608e-02,  4.0127e-01],
         [ 1.4770e-01,  1.9365e-01,  9.6989e-01,  1.6320e+00],
         [ 0.0000e+00,  0.0000e+00,  0.0000e+00,  1.0000e+00]],

        [[ 7.6138e-01,  6.1288e-01, -2.1137e-01, -2.9842e-01],
         [-6.2975e-01,  7.7662e-01, -1.6575e-02,  4.0095e-01],
         [ 1.5399e-01,  1.4573e-01,  9.7727e-01,  1.6278e+00],
         [ 0.0000e+00,  0.0000e+00,  0.0000e+00,  1.0000e+00]],

        [[ 7.6665e-01,  5.9551e-01, -2.4001e-01, -2.9866e-01],
         [-6.0867e-01,  7.9308e-01,  2.3541e-02,  4.0010e-01],
         [ 2.0437e-01,  1.2804e-01,  9.7048e-01,  1.6233e+00],
         [ 0.0000e+00,  0.0000e+00,  0.0000e+00,  1.0000e+00]],

        [[ 7.6267e-01,  5.9791e-01, -2.4665e-01, -2.9895e-01],
         [-6.1142e-01,  7.9086e-01,  2.6551e-02,  3.9954e-01],
         [ 2.1094e-01,  1.3056e-01,  9.6874e-01,  1.6212e+00],
         [ 0.0000e+00,  0.0000e+00,  0.0000e+00,  1.0000e+00]],

        [[ 7.7593e-01,  5.6878e-01, -2.7281e-01, -2.9977e-01],
         [-5.8783e-01,  8.0886e-01,  1.4466e-02,  3.9820e-01],
         [ 2.2889e-01,  1.4914e-01,  9.6196e-01,  1.6168e+00],
         [ 0.0000e+00,  0.0000e+00,  0.0000e+00,  1.0000e+00]],

        [[ 7.7309e-01,  5.7179e-01, -2.7457e-01, -3.0016e-01],
         [-5.8987e-01,  8.0724e-01,  2.0206e-02,  3.9753e-01],
         [ 2.3320e-01,  1.4634e-01,  9.6135e-01,  1.6145e+00],
         [ 0.0000e+00,  0.0000e+00,  0.0000e+00,  1.0000e+00]],

        [[ 7.7272e-01,  5.7337e-01, -2.7231e-01, -3.0067e-01],
         [-5.9159e-01,  8.0603e-01,  1.8452e-02,  3.9642e-01],
         [ 2.3007e-01,  1.4684e-01,  9.6203e-01,  1.6098e+00],
         [ 0.0000e+00,  0.0000e+00,  0.0000e+00,  1.0000e+00]],

        [[ 7.7737e-01,  5.6079e-01, -2.8498e-01, -3.0095e-01],
         [-5.8469e-01,  8.1126e-01,  1.4999e-03,  3.9585e-01],
         [ 2.3204e-01,  1.6546e-01,  9.5853e-01,  1.6052e+00],
         [ 0.0000e+00,  0.0000e+00,  0.0000e+00,  1.0000e+00]],

        [[ 7.7005e-01,  5.8388e-01, -2.5709e-01, -3.0103e-01],
         [-6.0692e-01,  7.9466e-01, -1.3124e-02,  3.9595e-01],
         [ 1.9664e-01,  1.6614e-01,  9.6630e-01,  1.6031e+00],
         [ 0.0000e+00,  0.0000e+00,  0.0000e+00,  1.0000e+00]],

        [[ 7.9264e-01,  5.6529e-01, -2.2840e-01, -3.0139e-01],
         [-5.8541e-01,  8.1032e-01, -2.6074e-02,  3.9629e-01],
         [ 1.7034e-01,  1.5438e-01,  9.7322e-01,  1.5990e+00],
         [ 0.0000e+00,  0.0000e+00,  0.0000e+00,  1.0000e+00]],

        [[ 7.9918e-01,  5.6530e-01, -2.0430e-01, -3.0164e-01],
         [-5.8233e-01,  8.1240e-01, -3.0050e-02,  3.9642e-01],
         [ 1.4898e-01,  1.4298e-01,  9.7845e-01,  1.5970e+00],
         [ 0.0000e+00,  0.0000e+00,  0.0000e+00,  1.0000e+00]],

        [[ 7.9709e-01,  5.7000e-01, -1.9936e-01, -3.0235e-01],
         [-5.8613e-01,  8.0972e-01, -2.8353e-02,  3.9611e-01],
         [ 1.4526e-01,  1.3945e-01,  9.7952e-01,  1.5933e+00],
         [ 0.0000e+00,  0.0000e+00,  0.0000e+00,  1.0000e+00]],

        [[ 7.8717e-01,  5.7068e-01, -2.3385e-01, -3.0326e-01],
         [-5.9092e-01,  8.0646e-01, -2.1058e-02,  3.9501e-01],
         [ 1.7657e-01,  1.5476e-01,  9.7204e-01,  1.5895e+00],
         [ 0.0000e+00,  0.0000e+00,  0.0000e+00,  1.0000e+00]],

        [[ 7.7431e-01,  5.8431e-01, -2.4296e-01, -3.0372e-01],
         [-6.0816e-01,  7.9323e-01, -3.0493e-02,  3.9450e-01],
         [ 1.7491e-01,  1.7137e-01,  9.6956e-01,  1.5877e+00],
         [ 0.0000e+00,  0.0000e+00,  0.0000e+00,  1.0000e+00]],

        [[ 7.5190e-01,  5.9910e-01, -2.7518e-01, -3.0447e-01],
         [-6.2996e-01,  7.7597e-01, -3.1917e-02,  3.9387e-01],
         [ 1.9441e-01,  1.9735e-01,  9.6086e-01,  1.5834e+00],
         [ 0.0000e+00,  0.0000e+00,  0.0000e+00,  1.0000e+00]],

        [[ 7.4990e-01,  5.9373e-01, -2.9178e-01, -3.0452e-01],
         [-6.2808e-01,  7.7749e-01, -3.2117e-02,  3.9389e-01],
         [ 2.0778e-01,  2.0734e-01,  9.5595e-01,  1.5810e+00],
         [ 0.0000e+00,  0.0000e+00,  0.0000e+00,  1.0000e+00]],

        [[ 7.5641e-01,  5.6237e-01, -3.3404e-01, -3.0435e-01],
         [-6.0960e-01,  7.9124e-01, -4.8319e-02,  3.9433e-01],
         [ 2.3713e-01,  2.4018e-01,  9.4132e-01,  1.5759e+00],
         [ 0.0000e+00,  0.0000e+00,  0.0000e+00,  1.0000e+00]],

        [[ 7.7092e-01,  5.4247e-01, -3.3379e-01, -3.0414e-01],
         [-5.8581e-01,  8.0959e-01, -3.7248e-02,  3.9460e-01],
         [ 2.5003e-01,  2.2425e-01,  9.4191e-01,  1.5713e+00],
         [ 0.0000e+00,  0.0000e+00,  0.0000e+00,  1.0000e+00]],

        [[ 7.6801e-01,  5.4437e-01, -3.3737e-01, -3.0388e-01],
         [-5.7848e-01,  8.1569e-01, -7.1679e-04,  3.9461e-01],
         [ 2.7480e-01,  1.9571e-01,  9.4137e-01,  1.5691e+00],
         [ 0.0000e+00,  0.0000e+00,  0.0000e+00,  1.0000e+00]],

        [[ 7.4931e-01,  5.5286e-01, -3.6452e-01, -3.0278e-01],
         [-5.8944e-01,  8.0770e-01,  1.3371e-02,  3.9476e-01],
         [ 3.0181e-01,  2.0484e-01,  9.3110e-01,  1.5652e+00],
         [ 0.0000e+00,  0.0000e+00,  0.0000e+00,  1.0000e+00]],

        [[ 7.4804e-01,  5.4903e-01, -3.7282e-01, -3.0208e-01],
         [-5.8713e-01,  8.0938e-01,  1.3879e-02,  3.9509e-01],
         [ 3.0937e-01,  2.0851e-01,  9.2780e-01,  1.5633e+00],
         [ 0.0000e+00,  0.0000e+00,  0.0000e+00,  1.0000e+00]],

        [[ 7.5638e-01,  5.6192e-01, -3.3486e-01, -3.0045e-01],
         [-5.9298e-01,  8.0513e-01,  1.1647e-02,  3.9630e-01],
         [ 2.7615e-01,  1.8976e-01,  9.4220e-01,  1.5591e+00],
         [ 0.0000e+00,  0.0000e+00,  0.0000e+00,  1.0000e+00]],

        [[ 7.4053e-01,  5.8741e-01, -3.2645e-01, -2.9797e-01],
         [-6.1026e-01,  7.9122e-01,  3.9403e-02,  3.9725e-01],
         [ 2.8144e-01,  1.7004e-01,  9.4439e-01,  1.5542e+00],
         [ 0.0000e+00,  0.0000e+00,  0.0000e+00,  1.0000e+00]],

        [[ 7.4659e-01,  5.4233e-01, -3.8533e-01, -2.9691e-01],
         [-5.7341e-01,  8.1826e-01,  4.0650e-02,  3.9758e-01],
         [ 3.3735e-01,  1.9061e-01,  9.2188e-01,  1.5516e+00],
         [ 0.0000e+00,  0.0000e+00,  0.0000e+00,  1.0000e+00]],

        [[ 7.4555e-01,  5.4356e-01, -3.8562e-01, -2.9592e-01],
         [-5.8931e-01,  8.0790e-01, -5.6980e-04,  3.9772e-01],
         [ 3.1123e-01,  2.2767e-01,  9.2266e-01,  1.5476e+00],
         [ 0.0000e+00,  0.0000e+00,  0.0000e+00,  1.0000e+00]],

        [[ 7.3793e-01,  5.5533e-01, -3.8350e-01, -2.9566e-01],
         [-6.0880e-01,  7.9299e-01, -2.3154e-02,  3.9743e-01],
         [ 2.9126e-01,  2.5056e-01,  9.2325e-01,  1.5456e+00],
         [ 0.0000e+00,  0.0000e+00,  0.0000e+00,  1.0000e+00]],

        [[ 7.1866e-01,  5.7315e-01, -3.9374e-01, -2.9525e-01],
         [-6.3655e-01,  7.7016e-01, -4.0758e-02,  3.9740e-01],
         [ 2.7988e-01,  2.7993e-01,  9.1832e-01,  1.5416e+00],
         [ 0.0000e+00,  0.0000e+00,  0.0000e+00,  1.0000e+00]],

        [[ 7.3704e-01,  5.5388e-01, -3.8729e-01, -2.9455e-01],
         [-6.2335e-01,  7.7855e-01, -7.2823e-02,  3.9874e-01],
         [ 2.6119e-01,  2.9509e-01,  9.1908e-01,  1.5373e+00],
         [ 0.0000e+00,  0.0000e+00,  0.0000e+00,  1.0000e+00]],

        [[ 7.4807e-01,  5.4298e-01, -3.8152e-01, -2.9387e-01],
         [-6.1515e-01,  7.8306e-01, -9.1707e-02,  3.9992e-01],
         [ 2.4896e-01,  3.0329e-01,  9.1980e-01,  1.5351e+00],
         [ 0.0000e+00,  0.0000e+00,  0.0000e+00,  1.0000e+00]],

        [[ 7.4507e-01,  5.5512e-01, -3.6975e-01, -2.9218e-01],
         [-6.2138e-01,  7.7918e-01, -8.2296e-02,  4.0239e-01],
         [ 2.4242e-01,  2.9107e-01,  9.2548e-01,  1.5305e+00],
         [ 0.0000e+00,  0.0000e+00,  0.0000e+00,  1.0000e+00]],

        [[ 7.3343e-01,  5.7118e-01, -3.6857e-01, -2.9141e-01],
         [-6.3528e-01,  7.6886e-01, -7.2643e-02,  4.0332e-01],
         [ 2.4189e-01,  2.8742e-01,  9.2676e-01,  1.5284e+00],
         [ 0.0000e+00,  0.0000e+00,  0.0000e+00,  1.0000e+00]],

        [[ 7.4343e-01,  5.4942e-01, -3.8137e-01, -2.9093e-01],
         [-6.1693e-01,  7.8355e-01, -7.3815e-02,  4.0415e-01],
         [ 2.5826e-01,  2.9016e-01,  9.2147e-01,  1.5246e+00],
         [ 0.0000e+00,  0.0000e+00,  0.0000e+00,  1.0000e+00]],

        [[ 7.2491e-01,  5.7767e-01, -3.7523e-01, -2.9116e-01],
         [-6.3433e-01,  7.7219e-01, -3.6684e-02,  4.0340e-01],
         [ 2.6855e-01,  2.6461e-01,  9.2621e-01,  1.5208e+00],
         [ 0.0000e+00,  0.0000e+00,  0.0000e+00,  1.0000e+00]],

        [[ 7.1044e-01,  5.9133e-01, -3.8158e-01, -2.9118e-01],
         [-6.3419e-01,  7.7299e-01,  1.7146e-02,  4.0273e-01],
         [ 3.0510e-01,  2.2981e-01,  9.2418e-01,  1.5187e+00],
         [ 0.0000e+00,  0.0000e+00,  0.0000e+00,  1.0000e+00]],

        [[ 7.0280e-01,  6.0813e-01, -3.6912e-01, -2.9077e-01],
         [-6.2927e-01,  7.7345e-01,  7.6122e-02,  4.0197e-01],
         [ 3.3179e-01,  1.7878e-01,  9.2626e-01,  1.5147e+00],
         [ 0.0000e+00,  0.0000e+00,  0.0000e+00,  1.0000e+00]],

        [[ 7.1266e-01,  6.0560e-01, -3.5407e-01, -2.9020e-01],
         [-6.2096e-01,  7.7941e-01,  8.3266e-02,  4.0209e-01],
         [ 3.2639e-01,  1.6052e-01,  9.3150e-01,  1.5127e+00],
         [ 0.0000e+00,  0.0000e+00,  0.0000e+00,  1.0000e+00]],

        [[ 7.2107e-01,  6.2416e-01, -3.0081e-01, -2.8854e-01],
         [-6.2835e-01,  7.7203e-01,  9.5693e-02,  4.0311e-01],
         [ 2.9196e-01,  1.2001e-01,  9.4887e-01,  1.5085e+00],
         [ 0.0000e+00,  0.0000e+00,  0.0000e+00,  1.0000e+00]],

        [[ 7.4875e-01,  5.9850e-01, -2.8492e-01, -2.8693e-01],
         [-5.9572e-01,  7.9607e-01,  1.0671e-01,  4.0392e-01],
         [ 2.9068e-01,  8.9838e-02,  9.5259e-01,  1.5036e+00],
         [ 0.0000e+00,  0.0000e+00,  0.0000e+00,  1.0000e+00]],

        [[ 7.4070e-01,  6.0646e-01, -2.8908e-01, -2.8626e-01],
         [-6.0681e-01,  7.8859e-01,  9.9551e-02,  4.0405e-01],
         [ 2.8834e-01,  1.0168e-01,  9.5211e-01,  1.5014e+00],
         [ 0.0000e+00,  0.0000e+00,  0.0000e+00,  1.0000e+00]],

        [[ 7.1356e-01,  6.1586e-01, -3.3399e-01, -2.8527e-01],
         [-6.3551e-01,  7.6964e-01,  6.1452e-02,  4.0380e-01],
         [ 2.9490e-01,  1.6840e-01,  9.4057e-01,  1.4974e+00],
         [ 0.0000e+00,  0.0000e+00,  0.0000e+00,  1.0000e+00]],

        [[ 6.9640e-01,  6.4082e-01, -3.2308e-01, -2.8505e-01],
         [-6.6392e-01,  7.4620e-01,  4.8955e-02,  4.0361e-01],
         [ 2.7245e-01,  1.8041e-01,  9.4510e-01,  1.4955e+00],
         [ 0.0000e+00,  0.0000e+00,  0.0000e+00,  1.0000e+00]],

        [[ 6.8597e-01,  6.4776e-01, -3.3144e-01, -2.8469e-01],
         [-6.7062e-01,  7.3958e-01,  5.7453e-02,  4.0345e-01],
         [ 2.8234e-01,  1.8286e-01,  9.4172e-01,  1.4914e+00],
         [ 0.0000e+00,  0.0000e+00,  0.0000e+00,  1.0000e+00]],

        [[ 7.2822e-01,  6.1050e-01, -3.1141e-01, -2.8406e-01],
         [-6.2704e-01,  7.7691e-01,  5.6762e-02,  4.0429e-01],
         [ 2.7660e-01,  1.5393e-01,  9.4858e-01,  1.4870e+00],
         [ 0.0000e+00,  0.0000e+00,  0.0000e+00,  1.0000e+00]],

        [[ 7.2771e-01,  6.2243e-01, -2.8815e-01, -2.8345e-01],
         [-6.3494e-01,  7.7021e-01,  6.0222e-02,  4.0531e-01],
         [ 2.5942e-01,  1.3913e-01,  9.5569e-01,  1.4848e+00],
         [ 0.0000e+00,  0.0000e+00,  0.0000e+00,  1.0000e+00]],

        [[ 7.3036e-01,  6.2676e-01, -2.7156e-01, -2.8221e-01],
         [-6.3297e-01,  7.7045e-01,  7.5796e-02,  4.0745e-01],
         [ 2.5673e-01,  1.1653e-01,  9.5943e-01,  1.4806e+00],
         [ 0.0000e+00,  0.0000e+00,  0.0000e+00,  1.0000e+00]],

        [[ 7.2567e-01,  6.2504e-01, -2.8761e-01, -2.8168e-01],
         [-6.2920e-01,  7.7199e-01,  9.0171e-02,  4.0828e-01],
         [ 2.7839e-01,  1.1553e-01,  9.5349e-01,  1.4785e+00],
         [ 0.0000e+00,  0.0000e+00,  0.0000e+00,  1.0000e+00]],

        [[ 7.2733e-01,  6.0008e-01, -3.3299e-01, -2.8110e-01],
         [-6.1382e-01,  7.8584e-01,  7.5426e-02,  4.0924e-01],
         [ 3.0694e-01,  1.4954e-01,  9.3991e-01,  1.4749e+00],
         [ 0.0000e+00,  0.0000e+00,  0.0000e+00,  1.0000e+00]],

        [[ 7.4333e-01,  5.7167e-01, -3.4736e-01, -2.8109e-01],
         [-5.8618e-01,  8.0684e-01,  7.3494e-02,  4.0918e-01],
         [ 3.2228e-01,  1.4899e-01,  9.3485e-01,  1.4711e+00],
         [ 0.0000e+00,  0.0000e+00,  0.0000e+00,  1.0000e+00]],

        [[ 7.3852e-01,  5.7677e-01, -3.4918e-01, -2.8085e-01],
         [-5.8510e-01,  8.0559e-01,  9.3156e-02,  4.0912e-01],
         [ 3.3503e-01,  1.3551e-01,  9.3241e-01,  1.4690e+00],
         [ 0.0000e+00,  0.0000e+00,  0.0000e+00,  1.0000e+00]],

        [[ 7.3268e-01,  5.8237e-01, -3.5217e-01, -2.8033e-01],
         [-5.8146e-01,  8.0456e-01,  1.2077e-01,  4.0908e-01],
         [ 3.5368e-01,  1.1628e-01,  9.2811e-01,  1.4651e+00],
         [ 0.0000e+00,  0.0000e+00,  0.0000e+00,  1.0000e+00]],

        [[ 7.2843e-01,  5.8877e-01, -3.5034e-01, -2.8025e-01],
         [-5.8356e-01,  8.0111e-01,  1.3297e-01,  4.0888e-01],
         [ 3.5895e-01,  1.0759e-01,  9.2714e-01,  1.4632e+00],
         [ 0.0000e+00,  0.0000e+00,  0.0000e+00,  1.0000e+00]],

        [[ 7.2202e-01,  5.8289e-01, -3.7272e-01, -2.8059e-01],
         [-5.8218e-01,  8.0293e-01,  1.2792e-01,  4.0795e-01],
         [ 3.7383e-01,  1.2463e-01,  9.1909e-01,  1.4594e+00],
         [ 0.0000e+00,  0.0000e+00,  0.0000e+00,  1.0000e+00]],

        [[ 7.3347e-01,  5.4804e-01, -4.0210e-01, -2.8132e-01],
         [-5.5278e-01,  8.2517e-01,  1.1632e-01,  4.0645e-01],
         [ 3.9555e-01,  1.3695e-01,  9.0818e-01,  1.4553e+00],
         [ 0.0000e+00,  0.0000e+00,  0.0000e+00,  1.0000e+00]],

        [[ 7.3512e-01,  5.4159e-01, -4.0777e-01, -2.8160e-01],
         [-5.5231e-01,  8.2724e-01,  1.0303e-01,  4.0577e-01],
         [ 3.9312e-01,  1.4948e-01,  9.0725e-01,  1.4531e+00],
         [ 0.0000e+00,  0.0000e+00,  0.0000e+00,  1.0000e+00]],

        [[ 7.2598e-01,  5.3308e-01, -4.3449e-01, -2.8167e-01],
         [-5.5804e-01,  8.2587e-01,  8.0843e-02,  4.0458e-01],
         [ 4.0193e-01,  1.8377e-01,  8.9704e-01,  1.4484e+00],
         [ 0.0000e+00,  0.0000e+00,  0.0000e+00,  1.0000e+00]],

        [[ 7.1130e-01,  5.3976e-01, -4.5023e-01, -2.8150e-01],
         [-5.6183e-01,  8.2151e-01,  9.7267e-02,  4.0413e-01],
         [ 4.2237e-01,  1.8376e-01,  8.8760e-01,  1.4460e+00],
         [ 0.0000e+00,  0.0000e+00,  0.0000e+00,  1.0000e+00]],

        [[ 6.8387e-01,  5.8333e-01, -4.3824e-01, -2.8121e-01],
         [-6.0264e-01,  7.9020e-01,  1.1140e-01,  4.0370e-01],
         [ 4.1128e-01,  1.8792e-01,  8.9193e-01,  1.4414e+00],
         [ 0.0000e+00,  0.0000e+00,  0.0000e+00,  1.0000e+00]],

        [[ 7.0562e-01,  5.7373e-01, -4.1586e-01, -2.8151e-01],
         [-5.8109e-01,  8.0437e-01,  1.2375e-01,  4.0330e-01],
         [ 4.0551e-01,  1.5433e-01,  9.0097e-01,  1.4368e+00],
         [ 0.0000e+00,  0.0000e+00,  0.0000e+00,  1.0000e+00]],

        [[ 7.1994e-01,  5.6635e-01, -4.0116e-01, -2.8185e-01],
         [-5.7328e-01,  8.1108e-01,  1.1622e-01,  4.0301e-01],
         [ 3.9119e-01,  1.4631e-01,  9.0860e-01,  1.4345e+00],
         [ 0.0000e+00,  0.0000e+00,  0.0000e+00,  1.0000e+00]],

        [[ 7.1039e-01,  5.7266e-01, -4.0916e-01, -2.8268e-01],
         [-5.7401e-01,  8.0781e-01,  1.3401e-01,  4.0186e-01],
         [ 4.0726e-01,  1.3966e-01,  9.0257e-01,  1.4299e+00],
         [ 0.0000e+00,  0.0000e+00,  0.0000e+00,  1.0000e+00]],

        [[ 6.9353e-01,  5.8251e-01, -4.2391e-01, -2.8331e-01],
         [-5.8320e-01,  7.9940e-01,  1.4435e-01,  4.0101e-01],
         [ 4.2296e-01,  1.4711e-01,  8.9412e-01,  1.4276e+00],
         [ 0.0000e+00,  0.0000e+00,  0.0000e+00,  1.0000e+00]],

        [[ 6.7438e-01,  6.0268e-01, -4.2661e-01, -2.8489e-01],
         [-6.0223e-01,  7.8323e-01,  1.5450e-01,  3.9921e-01],
         [ 4.2724e-01,  1.5272e-01,  8.9114e-01,  1.4226e+00],
         [ 0.0000e+00,  0.0000e+00,  0.0000e+00,  1.0000e+00]],

        [[ 6.4859e-01,  5.9537e-01, -4.7419e-01, -2.8564e-01],
         [-6.0451e-01,  7.8150e-01,  1.5438e-01,  3.9794e-01],
         [ 4.6249e-01,  1.8652e-01,  8.6678e-01,  1.4170e+00],
         [ 0.0000e+00,  0.0000e+00,  0.0000e+00,  1.0000e+00]],

        [[ 6.4630e-01,  5.9139e-01, -4.8223e-01, -2.8603e-01],
         [-6.0772e-01,  7.8109e-01,  1.4342e-01,  3.9742e-01],
         [ 4.6149e-01,  2.0037e-01,  8.6422e-01,  1.4142e+00],
         [ 0.0000e+00,  0.0000e+00,  0.0000e+00,  1.0000e+00]],

        [[ 6.6651e-01,  5.4612e-01, -5.0746e-01, -2.8705e-01],
         [-5.7986e-01,  8.0759e-01,  1.0752e-01,  3.9628e-01],
         [ 4.6854e-01,  2.2259e-01,  8.5494e-01,  1.4089e+00],
         [ 0.0000e+00,  0.0000e+00,  0.0000e+00,  1.0000e+00]],

        [[ 6.7545e-01,  5.4320e-01, -4.9869e-01, -2.8744e-01],
         [-5.7388e-01,  8.1191e-01,  1.0708e-01,  3.9586e-01],
         [ 4.6306e-01,  2.1386e-01,  8.6014e-01,  1.4064e+00],
         [ 0.0000e+00,  0.0000e+00,  0.0000e+00,  1.0000e+00]],

        [[ 7.0051e-01,  5.1834e-01, -4.9052e-01, -2.8746e-01],
         [-5.4666e-01,  8.3159e-01,  9.8061e-02,  3.9584e-01],
         [ 4.5874e-01,  1.9946e-01,  8.6589e-01,  1.4014e+00],
         [ 0.0000e+00,  0.0000e+00,  0.0000e+00,  1.0000e+00]],

        [[ 7.0497e-01,  5.4070e-01, -4.5898e-01, -2.8631e-01],
         [-5.5193e-01,  8.2466e-01,  1.2374e-01,  3.9667e-01],
         [ 4.4540e-01,  1.6610e-01,  8.7979e-01,  1.3957e+00],
         [ 0.0000e+00,  0.0000e+00,  0.0000e+00,  1.0000e+00]],

        [[ 7.1476e-01,  5.4250e-01, -4.4137e-01, -2.8564e-01],
         [-5.4423e-01,  8.2781e-01,  1.3615e-01,  3.9710e-01],
         [ 4.3924e-01,  1.4289e-01,  8.8693e-01,  1.3927e+00],
         [ 0.0000e+00,  0.0000e+00,  0.0000e+00,  1.0000e+00]],

        [[ 6.9821e-01,  5.5257e-01, -4.5516e-01, -2.8434e-01],
         [-5.6331e-01,  8.1642e-01,  1.2705e-01,  3.9769e-01],
         [ 4.4181e-01,  1.6769e-01,  8.8130e-01,  1.3870e+00],
         [ 0.0000e+00,  0.0000e+00,  0.0000e+00,  1.0000e+00]],

        [[ 6.8555e-01,  5.5980e-01, -4.6545e-01, -2.8406e-01],
         [-5.7813e-01,  8.0718e-01,  1.1930e-01,  3.9763e-01],
         [ 4.4248e-01,  1.8730e-01,  8.7700e-01,  1.3843e+00],
         [ 0.0000e+00,  0.0000e+00,  0.0000e+00,  1.0000e+00]],

        [[ 6.5197e-01,  5.7037e-01, -4.9961e-01, -2.8387e-01],
         [-6.1054e-01,  7.8562e-01,  1.0015e-01,  3.9722e-01],
         [ 4.4963e-01,  2.3974e-01,  8.6044e-01,  1.3793e+00],
         [ 0.0000e+00,  0.0000e+00,  0.0000e+00,  1.0000e+00]],

        [[ 6.5222e-01,  5.3948e-01, -5.3250e-01, -2.8359e-01],
         [-6.0641e-01,  7.9284e-01,  6.0487e-02,  3.9752e-01],
         [ 4.5483e-01,  2.8347e-01,  8.4426e-01,  1.3743e+00],
         [ 0.0000e+00,  0.0000e+00,  0.0000e+00,  1.0000e+00]],

        [[ 6.7147e-01,  5.2544e-01, -5.2254e-01, -2.8330e-01],
         [-5.7870e-01,  8.1226e-01,  7.3129e-02,  3.9802e-01],
         [ 4.6286e-01,  2.5329e-01,  8.4947e-01,  1.3716e+00],
         [ 0.0000e+00,  0.0000e+00,  0.0000e+00,  1.0000e+00]],

        [[ 6.7952e-01,  5.3746e-01, -4.9938e-01, -2.8192e-01],
         [-5.5417e-01,  8.2208e-01,  1.3069e-01,  3.9983e-01],
         [ 4.8077e-01,  1.8794e-01,  8.5647e-01,  1.3662e+00],
         [ 0.0000e+00,  0.0000e+00,  0.0000e+00,  1.0000e+00]],

        [[ 6.7548e-01,  5.3462e-01, -5.0784e-01, -2.8105e-01],
         [-5.2322e-01,  8.3280e-01,  1.8078e-01,  4.0057e-01],
         [ 5.1958e-01,  1.4360e-01,  8.4227e-01,  1.3636e+00],
         [ 0.0000e+00,  0.0000e+00,  0.0000e+00,  1.0000e+00]],

        [[ 6.4165e-01,  5.6375e-01, -5.2007e-01, -2.7962e-01],
         [-5.3177e-01,  8.1561e-01,  2.2803e-01,  4.0152e-01],
         [ 5.5273e-01,  1.3024e-01,  8.2312e-01,  1.3589e+00],
         [ 0.0000e+00,  0.0000e+00,  0.0000e+00,  1.0000e+00]],

        [[ 6.0686e-01,  5.4204e-01, -5.8130e-01, -2.7892e-01],
         [-5.2290e-01,  8.2309e-01,  2.2161e-01,  4.0159e-01],
         [ 5.9858e-01,  1.6947e-01,  7.8293e-01,  1.3550e+00],
         [ 0.0000e+00,  0.0000e+00,  0.0000e+00,  1.0000e+00]],

        [[ 5.8774e-01,  5.3724e-01, -6.0492e-01, -2.7872e-01],
         [-5.1222e-01,  8.2586e-01,  2.3579e-01,  4.0124e-01],
         [ 6.2625e-01,  1.7127e-01,  7.6058e-01,  1.3531e+00],
         [ 0.0000e+00,  0.0000e+00,  0.0000e+00,  1.0000e+00]],

        [[ 5.8188e-01,  5.2929e-01, -6.1747e-01, -2.7835e-01],
         [-4.8426e-01,  8.3546e-01,  2.5980e-01,  4.0073e-01],
         [ 6.5338e-01,  1.4784e-01,  7.4245e-01,  1.3491e+00],
         [ 0.0000e+00,  0.0000e+00,  0.0000e+00,  1.0000e+00]],

        [[ 5.9018e-01,  5.3188e-01, -6.0728e-01, -2.7787e-01],
         [-4.5054e-01,  8.4122e-01,  2.9893e-01,  4.0065e-01],
         [ 6.6985e-01,  9.7175e-02,  7.3611e-01,  1.3470e+00],
         [ 0.0000e+00,  0.0000e+00,  0.0000e+00,  1.0000e+00]],

        [[ 5.9063e-01,  5.8268e-01, -5.5824e-01, -2.7615e-01],
         [-4.2363e-01,  8.1270e-01,  4.0007e-01,  4.0087e-01],
         [ 6.8680e-01,  1.9605e-04,  7.2685e-01,  1.3425e+00],
         [ 0.0000e+00,  0.0000e+00,  0.0000e+00,  1.0000e+00]],

        [[ 5.4973e-01,  6.1763e-01, -5.6243e-01, -2.7388e-01],
         [-4.0203e-01,  7.8581e-01,  4.6997e-01,  4.0082e-01],
         [ 7.3223e-01, -3.2242e-02,  6.8029e-01,  1.3378e+00],
         [ 0.0000e+00,  0.0000e+00,  0.0000e+00,  1.0000e+00]],

        [[ 5.3023e-01,  6.1584e-01, -5.8275e-01, -2.7313e-01],
         [-3.9408e-01,  7.8758e-01,  4.7373e-01,  4.0068e-01],
         [ 7.5070e-01, -2.1539e-02,  6.6029e-01,  1.3357e+00],
         [ 0.0000e+00,  0.0000e+00,  0.0000e+00,  1.0000e+00]],

        [[ 4.9593e-01,  6.0605e-01, -6.2190e-01, -2.7227e-01],
         [-4.0477e-01,  7.9494e-01,  4.5191e-01,  4.0025e-01],
         [ 7.6826e-01,  2.7613e-02,  6.3955e-01,  1.3317e+00],
         [ 0.0000e+00,  0.0000e+00,  0.0000e+00,  1.0000e+00]],

        [[ 4.8260e-01,  5.9467e-01, -6.4301e-01, -2.7189e-01],
         [-4.0398e-01,  8.0254e-01,  4.3901e-01,  4.0013e-01],
         [ 7.7711e-01,  4.7903e-02,  6.2754e-01,  1.3298e+00],
         [ 0.0000e+00,  0.0000e+00,  0.0000e+00,  1.0000e+00]],

        [[ 4.8612e-01,  5.8915e-01, -6.4543e-01, -2.7098e-01],
         [-3.7748e-01,  8.0768e-01,  4.5295e-01,  4.0017e-01],
         [ 7.8816e-01,  2.3446e-02,  6.1502e-01,  1.3257e+00],
         [ 0.0000e+00,  0.0000e+00,  0.0000e+00,  1.0000e+00]],

        [[ 4.7191e-01,  6.0048e-01, -6.4554e-01, -2.6890e-01],
         [-3.1301e-01,  7.9861e-01,  5.1404e-01,  4.0064e-01],
         [ 8.2421e-01, -4.0522e-02,  5.6483e-01,  1.3212e+00],
         [ 0.0000e+00,  0.0000e+00,  0.0000e+00,  1.0000e+00]],

        [[ 4.4245e-01,  6.3500e-01, -6.3326e-01, -2.6748e-01],
         [-2.8616e-01,  7.6919e-01,  5.7137e-01,  4.0096e-01],
         [ 8.4991e-01, -7.1585e-02,  5.2204e-01,  1.3191e+00],
         [ 0.0000e+00,  0.0000e+00,  0.0000e+00,  1.0000e+00]],

        [[ 3.8348e-01,  6.2942e-01, -6.7585e-01, -2.6499e-01],
         [-1.8880e-01,  7.6977e-01,  6.0976e-01,  4.0153e-01],
         [ 9.0405e-01, -1.0623e-01,  4.1402e-01,  1.3157e+00],
         [ 0.0000e+00,  0.0000e+00,  0.0000e+00,  1.0000e+00]],

        [[ 3.6996e-01,  5.9742e-01, -7.1149e-01, -2.6420e-01],
         [-1.7036e-01,  7.9647e-01,  5.8018e-01,  4.0184e-01],
         [ 9.1329e-01, -9.3434e-02,  3.9644e-01,  1.3143e+00],
         [ 0.0000e+00,  0.0000e+00,  0.0000e+00,  1.0000e+00]],

        [[ 3.2054e-01,  5.6965e-01, -7.5681e-01, -2.6292e-01],
         [-1.5885e-01,  8.1998e-01,  5.4992e-01,  4.0204e-01],
         [ 9.3382e-01, -5.6049e-02,  3.5332e-01,  1.3117e+00],
         [ 0.0000e+00,  0.0000e+00,  0.0000e+00,  1.0000e+00]],

        [[ 2.9659e-01,  5.4479e-01, -7.8437e-01, -2.6163e-01],
         [-1.0627e-01,  8.3506e-01,  5.3980e-01,  4.0145e-01],
         [ 9.4907e-01, -7.6748e-02,  3.0556e-01,  1.3092e+00],
         [ 0.0000e+00,  0.0000e+00,  0.0000e+00,  1.0000e+00]],

