nohup: ignoring input
Loaded image data (1080, 1920, 3, 721) [1080.         1920.         1295.14893894]
GT poses: tensor([[[ 8.6351e-01, -4.9726e-01,  8.4163e-02, -2.2759e-01],
         [ 4.7955e-01,  8.6123e-01,  1.6828e-01,  2.9984e-01],
         [-1.5616e-01, -1.0495e-01,  9.8214e-01,  2.0210e+00],
         [ 0.0000e+00,  0.0000e+00,  0.0000e+00,  1.0000e+00]],

        [[ 8.6090e-01, -5.0219e-01,  8.1550e-02, -2.2740e-01],
         [ 4.8045e-01,  8.5520e-01,  1.9442e-01,  2.9834e-01],
         [-1.6738e-01, -1.2820e-01,  9.7752e-01,  2.0150e+00],
         [ 0.0000e+00,  0.0000e+00,  0.0000e+00,  1.0000e+00]],

        [[ 8.5786e-01, -5.0898e-01,  7.0818e-02, -2.2735e-01],
         [ 4.8587e-01,  8.4824e-01,  2.1077e-01,  2.9784e-01],
         [-1.6735e-01, -1.4640e-01,  9.7497e-01,  2.0120e+00],
         [ 0.0000e+00,  0.0000e+00,  0.0000e+00,  1.0000e+00]],

        [[ 8.7796e-01, -4.7774e-01,  3.0838e-02, -2.2708e-01],
         [ 4.5564e-01,  8.5363e-01,  2.5242e-01,  2.9748e-01],
         [-1.4691e-01, -2.0756e-01,  9.6713e-01,  2.0062e+00],
         [ 0.0000e+00,  0.0000e+00,  0.0000e+00,  1.0000e+00]],

        [[ 8.8805e-01, -4.5974e-01,  1.2212e-03, -2.2678e-01],
         [ 4.4271e-01,  8.5586e-01,  2.6742e-01,  2.9733e-01],
         [-1.2399e-01, -2.3694e-01,  9.6358e-01,  2.0033e+00],
         [ 0.0000e+00,  0.0000e+00,  0.0000e+00,  1.0000e+00]],

        [[ 8.9347e-01, -4.4738e-01, -3.9590e-02, -2.2602e-01],
         [ 4.4494e-01,  8.6969e-01,  2.1368e-01,  2.9675e-01],
         [-6.1165e-02, -2.0853e-01,  9.7610e-01,  1.9975e+00],
         [ 0.0000e+00,  0.0000e+00,  0.0000e+00,  1.0000e+00]],

        [[ 9.0255e-01, -4.2645e-01, -5.9485e-02, -2.2487e-01],
         [ 4.2999e-01,  8.8541e-01,  1.7651e-01,  2.9533e-01],
         [-2.2604e-02, -1.8489e-01,  9.8250e-01,  1.9918e+00],
         [ 0.0000e+00,  0.0000e+00,  0.0000e+00,  1.0000e+00]],

        [[ 8.8826e-01, -4.5346e-01, -7.3255e-02, -2.2423e-01],
         [ 4.5927e-01,  8.7954e-01,  1.2444e-01,  2.9434e-01],
         [ 8.0011e-03, -1.4418e-01,  9.8952e-01,  1.9889e+00],
         [ 0.0000e+00,  0.0000e+00,  0.0000e+00,  1.0000e+00]],

        [[ 8.9607e-01, -4.4302e-01, -2.8090e-02, -2.2313e-01],
         [ 4.4306e-01,  8.8866e-01,  1.1827e-01,  2.9242e-01],
         [-2.7433e-02, -1.1842e-01,  9.9258e-01,  1.9830e+00],
         [ 0.0000e+00,  0.0000e+00,  0.0000e+00,  1.0000e+00]],

        [[ 8.9422e-01, -4.4568e-01, -4.1691e-02, -2.2264e-01],
         [ 4.4728e-01,  8.8597e-01,  1.2249e-01,  2.9155e-01],
         [-1.7654e-02, -1.2818e-01,  9.9159e-01,  1.9798e+00],
         [ 0.0000e+00,  0.0000e+00,  0.0000e+00,  1.0000e+00]],

        [[ 8.8653e-01, -4.5703e-01, -7.1992e-02, -2.2202e-01],
         [ 4.6256e-01,  8.7884e-01,  1.1696e-01,  2.9045e-01],
         [ 9.8154e-03, -1.3699e-01,  9.9052e-01,  1.9734e+00],
         [ 0.0000e+00,  0.0000e+00,  0.0000e+00,  1.0000e+00]],

        [[ 8.8654e-01, -4.5702e-01, -7.1994e-02, -2.2202e-01],
         [ 4.6255e-01,  8.7884e-01,  1.1696e-01,  2.9045e-01],
         [ 9.8196e-03, -1.3699e-01,  9.9052e-01,  1.9734e+00],
         [ 0.0000e+00,  0.0000e+00,  0.0000e+00,  1.0000e+00]],

        [[ 8.8653e-01, -4.5703e-01, -7.2016e-02, -2.2203e-01],
         [ 4.6257e-01,  8.7884e-01,  1.1694e-01,  2.9045e-01],
         [ 9.8427e-03, -1.3699e-01,  9.9052e-01,  1.9734e+00],
         [ 0.0000e+00,  0.0000e+00,  0.0000e+00,  1.0000e+00]],

        [[ 8.8653e-01, -4.5704e-01, -7.2017e-02, -2.2203e-01],
         [ 4.6257e-01,  8.7884e-01,  1.1695e-01,  2.9045e-01],
         [ 9.8431e-03, -1.3699e-01,  9.9052e-01,  1.9734e+00],
         [ 0.0000e+00,  0.0000e+00,  0.0000e+00,  1.0000e+00]],

        [[ 8.8653e-01, -4.5704e-01, -7.2017e-02, -2.2203e-01],
         [ 4.6257e-01,  8.7884e-01,  1.1695e-01,  2.9045e-01],
         [ 9.8431e-03, -1.3699e-01,  9.9052e-01,  1.9734e+00],
         [ 0.0000e+00,  0.0000e+00,  0.0000e+00,  1.0000e+00]],

        [[ 8.8653e-01, -4.5704e-01, -7.2017e-02, -2.2203e-01],
         [ 4.6257e-01,  8.7884e-01,  1.1695e-01,  2.9045e-01],
         [ 9.8431e-03, -1.3699e-01,  9.9052e-01,  1.9734e+00],
         [ 0.0000e+00,  0.0000e+00,  0.0000e+00,  1.0000e+00]],

        [[ 8.9708e-01, -4.3593e-01, -7.2238e-02, -2.1949e-01],
         [ 4.4140e-01,  8.9160e-01,  1.0110e-01,  2.8427e-01],
         [ 2.0334e-02, -1.2258e-01,  9.9225e-01,  1.9486e+00],
         [ 0.0000e+00,  0.0000e+00,  0.0000e+00,  1.0000e+00]],

        [[ 9.1542e-01, -3.9420e-01, -8.1248e-02, -2.1881e-01],
         [ 4.0228e-01,  9.0258e-01,  1.5333e-01,  2.8186e-01],
         [ 1.2891e-02, -1.7304e-01,  9.8483e-01,  1.9433e+00],
         [ 0.0000e+00,  0.0000e+00,  0.0000e+00,  1.0000e+00]],

        [[ 9.0392e-01, -4.1124e-01, -1.1748e-01, -2.1866e-01],
         [ 4.2663e-01,  8.8635e-01,  1.7992e-01,  2.8047e-01],
         [ 3.0138e-02, -2.1275e-01,  9.7664e-01,  1.9375e+00],
         [ 0.0000e+00,  0.0000e+00,  0.0000e+00,  1.0000e+00]],

        [[ 9.1363e-01, -3.9552e-01, -9.4063e-02, -2.1875e-01],
         [ 4.0626e-01,  8.9702e-01,  1.7411e-01,  2.8028e-01],
         [ 1.5511e-02, -1.9729e-01,  9.8022e-01,  1.9348e+00],
         [ 0.0000e+00,  0.0000e+00,  0.0000e+00,  1.0000e+00]],

        [[ 9.2787e-01, -3.5793e-01, -1.0460e-01, -2.1864e-01],
         [ 3.7194e-01,  9.0845e-01,  1.9072e-01,  2.7988e-01],
         [ 2.6761e-02, -2.1587e-01,  9.7606e-01,  1.9293e+00],
         [ 0.0000e+00,  0.0000e+00,  0.0000e+00,  1.0000e+00]],

        [[ 9.3618e-01, -3.3158e-01, -1.1670e-01, -2.1813e-01],
         [ 3.4981e-01,  9.1149e-01,  2.1637e-01,  2.7897e-01],
         [ 3.4628e-02, -2.4339e-01,  9.6931e-01,  1.9237e+00],
         [ 0.0000e+00,  0.0000e+00,  0.0000e+00,  1.0000e+00]],

        [[ 9.3054e-01, -3.4798e-01, -1.1402e-01, -2.1773e-01],
         [ 3.6395e-01,  9.1321e-01,  1.8326e-01,  2.7826e-01],
         [ 4.0352e-02, -2.1203e-01,  9.7643e-01,  1.9209e+00],
         [ 0.0000e+00,  0.0000e+00,  0.0000e+00,  1.0000e+00]],

        [[ 9.3490e-01, -3.4714e-01, -7.3810e-02, -2.1681e-01],
         [ 3.5479e-01,  9.1944e-01,  1.6956e-01,  2.7649e-01],
         [ 9.0015e-03, -1.8471e-01,  9.8275e-01,  1.9152e+00],
         [ 0.0000e+00,  0.0000e+00,  0.0000e+00,  1.0000e+00]],

        [[ 9.3951e-01, -3.3769e-01, -5.7313e-02, -2.1626e-01],
         [ 3.4247e-01,  9.2313e-01,  1.7478e-01,  2.7561e-01],
         [-6.1155e-03, -1.8384e-01,  9.8294e-01,  1.9122e+00],
         [ 0.0000e+00,  0.0000e+00,  0.0000e+00,  1.0000e+00]],

        [[ 9.4827e-01, -3.1000e-01, -6.8464e-02, -2.1523e-01],
         [ 3.1745e-01,  9.2321e-01,  2.1661e-01,  2.7425e-01],
         [-3.9424e-03, -2.2714e-01,  9.7386e-01,  1.9056e+00],
         [ 0.0000e+00,  0.0000e+00,  0.0000e+00,  1.0000e+00]],

        [[ 9.2978e-01, -3.5117e-01, -1.1041e-01, -2.1476e-01],
         [ 3.6712e-01,  9.0662e-01,  2.0798e-01,  2.7379e-01],
         [ 2.7068e-02, -2.3391e-01,  9.7188e-01,  1.8987e+00],
         [ 0.0000e+00,  0.0000e+00,  0.0000e+00,  1.0000e+00]],

        [[ 9.2952e-01, -3.5607e-01, -9.5942e-02, -2.1482e-01],
         [ 3.6865e-01,  9.0372e-01,  2.1768e-01,  2.7382e-01],
         [ 9.1965e-03, -2.3771e-01,  9.7129e-01,  1.8955e+00],
         [ 0.0000e+00,  0.0000e+00,  0.0000e+00,  1.0000e+00]],

        [[ 9.1889e-01, -3.8235e-01, -9.7190e-02, -2.1479e-01],
         [ 3.9451e-01,  8.8936e-01,  2.3109e-01,  2.7378e-01],
         [-1.9218e-03, -2.5069e-01,  9.6807e-01,  1.8896e+00],
         [ 0.0000e+00,  0.0000e+00,  0.0000e+00,  1.0000e+00]],

        [[ 9.1020e-01, -4.0568e-01, -8.3486e-02, -2.1469e-01],
         [ 4.1379e-01,  8.8201e-01,  2.2544e-01,  2.7358e-01],
         [-1.7821e-02, -2.3974e-01,  9.7067e-01,  1.8868e+00],
         [ 0.0000e+00,  0.0000e+00,  0.0000e+00,  1.0000e+00]],

        [[ 9.0389e-01, -4.2655e-01, -3.2080e-02, -2.1414e-01],
         [ 4.2439e-01,  8.8484e-01,  1.9223e-01,  2.7272e-01],
         [-5.3611e-02, -1.8737e-01,  9.8083e-01,  1.8814e+00],
         [ 0.0000e+00,  0.0000e+00,  0.0000e+00,  1.0000e+00]],

        [[ 9.1041e-01, -4.1326e-01, -1.9072e-02, -2.1334e-01],
         [ 4.1069e-01,  8.9728e-01,  1.6195e-01,  2.7114e-01],
         [-4.9812e-02, -1.5527e-01,  9.8662e-01,  1.8761e+00],
         [ 0.0000e+00,  0.0000e+00,  0.0000e+00,  1.0000e+00]],

        [[ 9.1000e-01, -4.1354e-01, -2.9681e-02, -2.1291e-01],
         [ 4.1341e-01,  8.9961e-01,  1.4069e-01,  2.7020e-01],
         [-3.1479e-02, -1.4030e-01,  9.8961e-01,  1.8733e+00],
         [ 0.0000e+00,  0.0000e+00,  0.0000e+00,  1.0000e+00]],

        [[ 9.0506e-01, -4.2039e-01, -6.4337e-02, -2.1215e-01],
         [ 4.2524e-01,  8.9654e-01,  1.2402e-01,  2.6833e-01],
         [ 5.5447e-03, -1.3960e-01,  9.9019e-01,  1.8676e+00],
         [ 0.0000e+00,  0.0000e+00,  0.0000e+00,  1.0000e+00]],

        [[ 8.9734e-01, -4.3278e-01, -8.6558e-02, -2.1188e-01],
         [ 4.4049e-01,  8.9040e-01,  1.1466e-01,  2.6760e-01],
         [ 2.7451e-02, -1.4101e-01,  9.8963e-01,  1.8647e+00],
         [ 0.0000e+00,  0.0000e+00,  0.0000e+00,  1.0000e+00]],

        [[ 8.8618e-01, -4.4855e-01, -1.1617e-01, -2.1147e-01],
         [ 4.6056e-01,  8.8016e-01,  1.1488e-01,  2.6678e-01],
         [ 5.0722e-02, -1.5531e-01,  9.8656e-01,  1.8590e+00],
         [ 0.0000e+00,  0.0000e+00,  0.0000e+00,  1.0000e+00]],

        [[ 9.0334e-01, -4.0821e-01, -1.3166e-01, -2.1102e-01],
         [ 4.2572e-01,  8.9074e-01,  1.5918e-01,  2.6651e-01],
         [ 5.2296e-02, -1.9985e-01,  9.7843e-01,  1.8537e+00],
         [ 0.0000e+00,  0.0000e+00,  0.0000e+00,  1.0000e+00]],

        [[ 9.0055e-01, -4.1095e-01, -1.4187e-01, -2.1069e-01],
         [ 4.2955e-01,  8.9138e-01,  1.4468e-01,  2.6629e-01],
         [ 6.7002e-02, -1.9123e-01,  9.7926e-01,  1.8511e+00],
         [ 0.0000e+00,  0.0000e+00,  0.0000e+00,  1.0000e+00]],

        [[ 9.1939e-01, -3.7686e-01, -1.1264e-01, -2.0976e-01],
         [ 3.8951e-01,  9.1218e-01,  1.2730e-01,  2.6526e-01],
         [ 5.4774e-02, -1.6091e-01,  9.8545e-01,  1.8461e+00],
         [ 0.0000e+00,  0.0000e+00,  0.0000e+00,  1.0000e+00]],

        [[ 9.1607e-01, -3.8631e-01, -1.0760e-01, -2.0909e-01],
         [ 3.9723e-01,  9.1094e-01,  1.1135e-01,  2.6432e-01],
         [ 5.5003e-02, -1.4475e-01,  9.8794e-01,  1.8436e+00],
         [ 0.0000e+00,  0.0000e+00,  0.0000e+00,  1.0000e+00]],

        [[ 9.1354e-01, -3.9728e-01, -8.7264e-02, -2.0771e-01],
         [ 4.0433e-01,  9.1034e-01,  8.8314e-02,  2.6205e-01],
         [ 4.4354e-02, -1.1596e-01,  9.9226e-01,  1.8385e+00],
         [ 0.0000e+00,  0.0000e+00,  0.0000e+00,  1.0000e+00]],

        [[ 9.1338e-01, -3.9727e-01, -8.8968e-02, -2.0638e-01],
         [ 4.0528e-01,  9.0797e-01,  1.0643e-01,  2.6001e-01],
         [ 3.8499e-02, -1.3327e-01,  9.9033e-01,  1.8329e+00],
         [ 0.0000e+00,  0.0000e+00,  0.0000e+00,  1.0000e+00]],

        [[ 9.0699e-01, -4.1345e-01, -8.0139e-02, -2.0579e-01],
         [ 4.2009e-01,  9.0168e-01,  1.0244e-01,  2.5939e-01],
         [ 2.9906e-02, -1.2658e-01,  9.9151e-01,  1.8299e+00],
         [ 0.0000e+00,  0.0000e+00,  0.0000e+00,  1.0000e+00]],

        [[ 9.1265e-01, -4.0673e-01, -4.0583e-02, -2.0505e-01],
         [ 4.0870e-01,  9.0963e-01,  7.4421e-02,  2.5888e-01],
         [ 6.6464e-03, -8.4506e-02,  9.9640e-01,  1.8240e+00],
         [ 0.0000e+00,  0.0000e+00,  0.0000e+00,  1.0000e+00]],

        [[ 9.1133e-01, -4.0769e-01, -5.7079e-02, -2.0484e-01],
         [ 4.1134e-01,  9.0733e-01,  8.6880e-02,  2.5870e-01],
         [ 1.6369e-02, -1.0266e-01,  9.9458e-01,  1.8209e+00],
         [ 0.0000e+00,  0.0000e+00,  0.0000e+00,  1.0000e+00]],

        [[ 9.0478e-01, -4.1770e-01, -8.3043e-02, -2.0421e-01],
         [ 4.2509e-01,  8.9760e-01,  1.1662e-01,  2.5816e-01],
         [ 2.5827e-02, -1.4082e-01,  9.8970e-01,  1.8151e+00],
         [ 0.0000e+00,  0.0000e+00,  0.0000e+00,  1.0000e+00]],

        [[ 9.1071e-01, -4.0947e-01, -5.4230e-02, -2.0322e-01],
         [ 4.1304e-01,  9.0202e-01,  1.2553e-01,  2.5702e-01],
         [-2.4856e-03, -1.3672e-01,  9.9061e-01,  1.8099e+00],
         [ 0.0000e+00,  0.0000e+00,  0.0000e+00,  1.0000e+00]],

        [[ 9.0999e-01, -4.1174e-01, -4.8869e-02, -2.0263e-01],
         [ 4.1457e-01,  9.0147e-01,  1.2446e-01,  2.5604e-01],
         [-7.1923e-03, -1.3352e-01,  9.9102e-01,  1.8072e+00],
         [ 0.0000e+00,  0.0000e+00,  0.0000e+00,  1.0000e+00]],

        [[ 9.0825e-01, -4.1560e-01, -4.8466e-02, -2.0149e-01],
         [ 4.1812e-01,  8.9706e-01,  1.4303e-01,  2.5362e-01],
         [-1.5966e-02, -1.5017e-01,  9.8853e-01,  1.8018e+00],
         [ 0.0000e+00,  0.0000e+00,  0.0000e+00,  1.0000e+00]],

        [[ 9.1601e-01, -3.9877e-01, -4.3742e-02, -2.0105e-01],
         [ 4.0038e-01,  9.0194e-01,  1.6189e-01,  2.5248e-01],
         [-2.5106e-02, -1.6581e-01,  9.8584e-01,  1.7991e+00],
         [ 0.0000e+00,  0.0000e+00,  0.0000e+00,  1.0000e+00]],

        [[ 9.0221e-01, -4.2939e-01, -4.0540e-02, -2.0037e-01],
         [ 4.3029e-01,  8.8969e-01,  1.5264e-01,  2.5081e-01],
         [-2.9475e-02, -1.5516e-01,  9.8745e-01,  1.7936e+00],
         [ 0.0000e+00,  0.0000e+00,  0.0000e+00,  1.0000e+00]],

        [[ 9.1576e-01, -4.0171e-01, -3.8932e-03, -1.9980e-01],
         [ 3.9630e-01,  9.0175e-01,  1.7258e-01,  2.5016e-01],
         [-6.5818e-02, -1.5959e-01,  9.8499e-01,  1.7883e+00],
         [ 0.0000e+00,  0.0000e+00,  0.0000e+00,  1.0000e+00]],

        [[ 9.1018e-01, -4.1228e-01, -3.9913e-02, -1.9935e-01],
         [ 4.1284e-01,  8.9516e-01,  1.6810e-01,  2.5005e-01],
         [-3.3577e-02, -1.6948e-01,  9.8496e-01,  1.7856e+00],
         [ 0.0000e+00,  0.0000e+00,  0.0000e+00,  1.0000e+00]],

        [[ 9.1697e-01, -3.9052e-01, -8.1614e-02, -1.9829e-01],
         [ 3.9895e-01,  8.9580e-01,  1.9591e-01,  2.4976e-01],
         [-3.3966e-03, -2.1220e-01,  9.7722e-01,  1.7801e+00],
         [ 0.0000e+00,  0.0000e+00,  0.0000e+00,  1.0000e+00]],

        [[ 9.2195e-01, -3.7856e-01, -8.1832e-02, -1.9760e-01],
         [ 3.8730e-01,  9.0215e-01,  1.9007e-01,  2.4939e-01],
         [ 1.8715e-03, -2.0693e-01,  9.7835e-01,  1.7775e+00],
         [ 0.0000e+00,  0.0000e+00,  0.0000e+00,  1.0000e+00]],

        [[ 9.2530e-01, -3.6883e-01, -8.8189e-02, -1.9581e-01],
         [ 3.7870e-01,  9.1096e-01,  1.6352e-01,  2.4787e-01],
         [ 2.0026e-02, -1.8470e-01,  9.8259e-01,  1.7721e+00],
         [ 0.0000e+00,  0.0000e+00,  0.0000e+00,  1.0000e+00]],

        [[ 9.2559e-01, -3.6831e-01, -8.7390e-02, -1.9375e-01],
         [ 3.7768e-01,  9.1405e-01,  1.4786e-01,  2.4592e-01],
         [ 2.5422e-02, -1.6986e-01,  9.8514e-01,  1.7663e+00],
         [ 0.0000e+00,  0.0000e+00,  0.0000e+00,  1.0000e+00]],

        [[ 9.3481e-01, -3.4553e-01, -8.2065e-02, -1.9279e-01],
         [ 3.5441e-01,  9.2250e-01,  1.5293e-01,  2.4515e-01],
         [ 2.2862e-02, -1.7205e-01,  9.8482e-01,  1.7631e+00],
         [ 0.0000e+00,  0.0000e+00,  0.0000e+00,  1.0000e+00]],

        [[ 9.3319e-01, -3.5125e-01, -7.6013e-02, -1.9103e-01],
         [ 3.5916e-01,  9.1898e-01,  1.6276e-01,  2.4412e-01],
         [ 1.2684e-02, -1.7919e-01,  9.8373e-01,  1.7566e+00],
         [ 0.0000e+00,  0.0000e+00,  0.0000e+00,  1.0000e+00]],

        [[ 9.2271e-01, -3.7709e-01, -7.9994e-02, -1.9049e-01],
         [ 3.8493e-01,  9.1243e-01,  1.3888e-01,  2.4400e-01],
         [ 2.0617e-02, -1.5894e-01,  9.8707e-01,  1.7533e+00],
         [ 0.0000e+00,  0.0000e+00,  0.0000e+00,  1.0000e+00]],

        [[ 9.2062e-01, -3.8557e-01, -6.1555e-02, -1.8979e-01],
         [ 3.9035e-01,  9.0530e-01,  1.6748e-01,  2.4397e-01],
         [-8.8509e-03, -1.7822e-01,  9.8395e-01,  1.7471e+00],
         [ 0.0000e+00,  0.0000e+00,  0.0000e+00,  1.0000e+00]],

        [[ 9.1008e-01, -4.1200e-01, -4.4804e-02, -1.8907e-01],
         [ 4.1281e-01,  8.9163e-01,  1.8598e-01,  2.4353e-01],
         [-3.6677e-02, -1.8775e-01,  9.8153e-01,  1.7412e+00],
         [ 0.0000e+00,  0.0000e+00,  0.0000e+00,  1.0000e+00]],

        [[ 9.1067e-01, -4.1250e-01, -2.2979e-02, -1.8854e-01],
         [ 4.0860e-01,  8.9105e-01,  1.9768e-01,  2.4298e-01],
         [-6.1070e-02, -1.8941e-01,  9.8000e-01,  1.7385e+00],
         [ 0.0000e+00,  0.0000e+00,  0.0000e+00,  1.0000e+00]],

        [[ 8.9897e-01, -4.3764e-01, -1.7916e-02, -1.8715e-01],
         [ 4.3397e-01,  8.8439e-01,  1.7183e-01,  2.4119e-01],
         [-5.9355e-02, -1.6224e-01,  9.8496e-01,  1.7329e+00],
         [ 0.0000e+00,  0.0000e+00,  0.0000e+00,  1.0000e+00]],

        [[ 9.0136e-01, -4.3287e-01, -1.3304e-02, -1.8647e-01],
         [ 4.2843e-01,  8.8677e-01,  1.7346e-01,  2.4013e-01],
         [-6.3287e-02, -1.6205e-01,  9.8475e-01,  1.7300e+00],
         [ 0.0000e+00,  0.0000e+00,  0.0000e+00,  1.0000e+00]],

        [[ 9.0725e-01, -4.1917e-01, -3.4555e-02, -1.8521e-01],
         [ 4.1884e-01,  8.9292e-01,  1.6516e-01,  2.3824e-01],
         [-3.8376e-02, -1.6432e-01,  9.8566e-01,  1.7241e+00],
         [ 0.0000e+00,  0.0000e+00,  0.0000e+00,  1.0000e+00]],

        [[ 8.9891e-01, -4.3614e-01, -4.1619e-02, -1.8428e-01],
         [ 4.3699e-01,  8.8569e-01,  1.5683e-01,  2.3708e-01],
         [-3.1537e-02, -1.5916e-01,  9.8675e-01,  1.7183e+00],
         [ 0.0000e+00,  0.0000e+00,  0.0000e+00,  1.0000e+00]],

        [[ 9.0441e-01, -4.2477e-01, -4.0219e-02, -1.8406e-01],
         [ 4.2534e-01,  8.9016e-01,  1.6343e-01,  2.3682e-01],
         [-3.3616e-02, -1.6491e-01,  9.8574e-01,  1.7154e+00],
         [ 0.0000e+00,  0.0000e+00,  0.0000e+00,  1.0000e+00]],

        [[ 9.0200e-01, -4.2842e-01, -5.3369e-02, -1.8338e-01],
         [ 4.3078e-01,  8.8492e-01,  1.7705e-01,  2.3675e-01],
         [-2.8623e-02, -1.8269e-01,  9.8275e-01,  1.7098e+00],
         [ 0.0000e+00,  0.0000e+00,  0.0000e+00,  1.0000e+00]],

        [[ 9.0636e-01, -4.1845e-01, -5.8427e-02, -1.8302e-01],
         [ 4.2139e-01,  8.8523e-01,  1.9697e-01,  2.3658e-01],
         [-3.0700e-02, -2.0315e-01,  9.7867e-01,  1.7070e+00],
         [ 0.0000e+00,  0.0000e+00,  0.0000e+00,  1.0000e+00]],

        [[ 9.0869e-01, -4.1316e-01, -5.9849e-02, -1.8184e-01],
         [ 4.1663e-01,  8.8837e-01,  1.9294e-01,  2.3571e-01],
         [-2.6548e-02, -2.0026e-01,  9.7938e-01,  1.7015e+00],
         [ 0.0000e+00,  0.0000e+00,  0.0000e+00,  1.0000e+00]],

        [[ 9.1563e-01, -4.0054e-01, -3.4389e-02, -1.8019e-01],
         [ 3.9980e-01,  8.9831e-01,  1.8222e-01,  2.3387e-01],
         [-4.2096e-02, -1.8060e-01,  9.8266e-01,  1.6959e+00],
         [ 0.0000e+00,  0.0000e+00,  0.0000e+00,  1.0000e+00]],

        [[ 9.1092e-01, -4.1154e-01, -2.9238e-02, -1.7918e-01],
         [ 4.1045e-01,  8.9680e-01,  1.6518e-01,  2.3282e-01],
         [-4.1758e-02, -1.6247e-01,  9.8583e-01,  1.6930e+00],
         [ 0.0000e+00,  0.0000e+00,  0.0000e+00,  1.0000e+00]],

        [[ 9.2044e-01, -3.9053e-01, -1.6644e-02, -1.7740e-01],
         [ 3.8656e-01,  9.0314e-01,  1.8684e-01,  2.3098e-01],
         [-5.7935e-02, -1.7841e-01,  9.8225e-01,  1.6868e+00],
         [ 0.0000e+00,  0.0000e+00,  0.0000e+00,  1.0000e+00]],

        [[ 9.1821e-01, -3.9609e-01, -1.3771e-05, -1.7654e-01],
         [ 3.8934e-01,  9.0255e-01,  1.8388e-01,  2.3038e-01],
         [-7.2821e-02, -1.6884e-01,  9.8295e-01,  1.6837e+00],
         [ 0.0000e+00,  0.0000e+00,  0.0000e+00,  1.0000e+00]],

        [[ 9.2859e-01, -3.7013e-01,  2.7012e-02, -1.7526e-01],
         [ 3.6166e-01,  9.1886e-01,  1.5776e-01,  2.2992e-01],
         [-8.3211e-02, -1.3672e-01,  9.8711e-01,  1.6771e+00],
         [ 0.0000e+00,  0.0000e+00,  0.0000e+00,  1.0000e+00]],

        [[ 9.1912e-01, -3.9250e-01, -3.4169e-02, -1.7453e-01],
         [ 3.9180e-01,  9.0146e-01,  1.8402e-01,  2.2959e-01],
         [-4.1425e-02, -1.8252e-01,  9.8233e-01,  1.6705e+00],
         [ 0.0000e+00,  0.0000e+00,  0.0000e+00,  1.0000e+00]],

        [[ 9.1837e-01, -3.9470e-01, -2.8388e-02, -1.7421e-01],
         [ 3.9211e-01,  8.9798e-01,  1.9971e-01,  2.2943e-01],
         [-5.3332e-02, -1.9454e-01,  9.7944e-01,  1.6676e+00],
         [ 0.0000e+00,  0.0000e+00,  0.0000e+00,  1.0000e+00]],

        [[ 9.2471e-01, -3.8060e-01,  7.3169e-03, -1.7327e-01],
         [ 3.6940e-01,  9.0181e-01,  2.2423e-01,  2.2849e-01],
         [-9.1942e-02, -2.0465e-01,  9.7451e-01,  1.6619e+00],
         [ 0.0000e+00,  0.0000e+00,  0.0000e+00,  1.0000e+00]],

        [[ 9.1907e-01, -3.9397e-01,  1.0036e-02, -1.7252e-01],
         [ 3.8183e-01,  8.9648e-01,  2.2479e-01,  2.2748e-01],
         [-9.7559e-02, -2.0277e-01,  9.7435e-01,  1.6591e+00],
         [ 0.0000e+00,  0.0000e+00,  0.0000e+00,  1.0000e+00]],

        [[ 9.0847e-01, -4.1792e-01, -4.2592e-03, -1.7116e-01],
         [ 4.1108e-01,  8.9167e-01,  1.8957e-01,  2.2518e-01],
         [-7.5427e-02, -1.7397e-01,  9.8186e-01,  1.6532e+00],
         [ 0.0000e+00,  0.0000e+00,  0.0000e+00,  1.0000e+00]],

        [[ 9.2546e-01, -3.7879e-01, -6.8669e-03, -1.7019e-01],
         [ 3.7324e-01,  9.0850e-01,  1.8793e-01,  2.2341e-01],
         [-6.4947e-02, -1.7648e-01,  9.8216e-01,  1.6474e+00],
         [ 0.0000e+00,  0.0000e+00,  0.0000e+00,  1.0000e+00]],

        [[ 9.2520e-01, -3.7921e-01, -1.4317e-02, -1.6980e-01],
         [ 3.7494e-01,  9.0767e-01,  1.8857e-01,  2.2282e-01],
         [-5.8512e-02, -1.7983e-01,  9.8196e-01,  1.6444e+00],
         [ 0.0000e+00,  0.0000e+00,  0.0000e+00,  1.0000e+00]],

        [[ 9.2535e-01, -3.7750e-01, -3.5014e-02, -1.6932e-01],
         [ 3.7769e-01,  9.0993e-01,  1.7140e-01,  2.2265e-01],
         [-3.2843e-02, -1.7183e-01,  9.8458e-01,  1.6384e+00],
         [ 0.0000e+00,  0.0000e+00,  0.0000e+00,  1.0000e+00]],

        [[ 9.2535e-01, -3.7609e-01, -4.7913e-02, -1.6902e-01],
         [ 3.7835e-01,  9.0795e-01,  1.8020e-01,  2.2282e-01],
         [-2.4267e-02, -1.8487e-01,  9.8246e-01,  1.6355e+00],
         [ 0.0000e+00,  0.0000e+00,  0.0000e+00,  1.0000e+00]],

        [[ 9.1844e-01, -3.8833e-01, -7.5299e-02, -1.6827e-01],
         [ 3.9551e-01,  8.9860e-01,  1.8998e-01,  2.2272e-01],
         [-6.1119e-03, -2.0427e-01,  9.7890e-01,  1.6297e+00],
         [ 0.0000e+00,  0.0000e+00,  0.0000e+00,  1.0000e+00]],

        [[ 9.1097e-01, -4.0301e-01, -8.7818e-02, -1.6704e-01],
         [ 4.1218e-01,  8.9750e-01,  1.5685e-01,  2.2177e-01],
         [ 1.5606e-02, -1.7908e-01,  9.8371e-01,  1.6241e+00],
         [ 0.0000e+00,  0.0000e+00,  0.0000e+00,  1.0000e+00]],

        [[ 9.1265e-01, -4.0165e-01, -7.5847e-02, -1.6629e-01],
         [ 4.0861e-01,  9.0128e-01,  1.4402e-01,  2.2091e-01],
         [ 1.0515e-02, -1.6243e-01,  9.8666e-01,  1.6214e+00],
         [ 0.0000e+00,  0.0000e+00,  0.0000e+00,  1.0000e+00]],

        [[ 9.1037e-01, -4.0917e-01, -6.1756e-02, -1.6465e-01],
         [ 4.1373e-01,  9.0275e-01,  1.1779e-01,  2.1893e-01],
         [ 7.5550e-03, -1.3278e-01,  9.9112e-01,  1.6157e+00],
         [ 0.0000e+00,  0.0000e+00,  0.0000e+00,  1.0000e+00]],

        [[ 9.2320e-01, -3.8135e-01, -4.7759e-02, -1.6386e-01],
         [ 3.8414e-01,  9.1165e-01,  1.4605e-01,  2.1804e-01],
         [-1.2154e-02, -1.5317e-01,  9.8812e-01,  1.6128e+00],
         [ 0.0000e+00,  0.0000e+00,  0.0000e+00,  1.0000e+00]],

        [[ 9.2290e-01, -3.8113e-01, -5.4755e-02, -1.6226e-01],
         [ 3.8437e-01,  9.0351e-01,  1.8953e-01,  2.1667e-01],
         [-2.2763e-02, -1.9596e-01,  9.8035e-01,  1.6064e+00],
         [ 0.0000e+00,  0.0000e+00,  0.0000e+00,  1.0000e+00]],

        [[ 9.1536e-01, -4.0084e-01, -3.8080e-02, -1.6162e-01],
         [ 4.0147e-01,  9.0140e-01,  1.6215e-01,  2.1657e-01],
         [-3.0669e-02, -1.6371e-01,  9.8603e-01,  1.6002e+00],
         [ 0.0000e+00,  0.0000e+00,  0.0000e+00,  1.0000e+00]],

        [[ 9.1851e-01, -3.9447e-01, -2.6952e-02, -1.6155e-01],
         [ 3.9311e-01,  9.0378e-01,  1.6927e-01,  2.1673e-01],
         [-4.2414e-02, -1.6608e-01,  9.8520e-01,  1.5973e+00],
         [ 0.0000e+00,  0.0000e+00,  0.0000e+00,  1.0000e+00]],

        [[ 9.1648e-01, -4.0004e-01, -6.0109e-03, -1.6132e-01],
         [ 3.9493e-01,  9.0215e-01,  1.7366e-01,  2.1676e-01],
         [-6.4047e-02, -1.6153e-01,  9.8479e-01,  1.5918e+00],
         [ 0.0000e+00,  0.0000e+00,  0.0000e+00,  1.0000e+00]],

        [[ 9.1498e-01, -4.0336e-01,  1.0723e-02, -1.6100e-01],
         [ 3.9610e-01,  9.0294e-01,  1.6676e-01,  2.1642e-01],
         [-7.6949e-02, -1.4834e-01,  9.8594e-01,  1.5890e+00],
         [ 0.0000e+00,  0.0000e+00,  0.0000e+00,  1.0000e+00]],

        [[ 9.0881e-01, -4.1669e-01,  2.0599e-02, -1.6000e-01],
         [ 4.1021e-01,  9.0149e-01,  1.3802e-01,  2.1477e-01],
         [-7.6081e-02, -1.1698e-01,  9.9022e-01,  1.5836e+00],
         [ 0.0000e+00,  0.0000e+00,  0.0000e+00,  1.0000e+00]],

        [[ 9.1458e-01, -4.0351e-01,  2.6768e-02, -1.5893e-01],
         [ 3.9826e-01,  9.1021e-01,  1.1359e-01,  2.1261e-01],
         [-7.0200e-02, -9.3228e-02,  9.9317e-01,  1.5781e+00],
         [ 0.0000e+00,  0.0000e+00,  0.0000e+00,  1.0000e+00]],

        [[ 9.2162e-01, -3.8650e-01,  3.5119e-02, -1.5855e-01],
         [ 3.8077e-01,  9.1802e-01,  1.1067e-01,  2.1170e-01],
         [-7.5013e-02, -8.8621e-02,  9.9324e-01,  1.5754e+00],
         [ 0.0000e+00,  0.0000e+00,  0.0000e+00,  1.0000e+00]],

        [[ 9.1427e-01, -4.0394e-01,  3.0678e-02, -1.5804e-01],
         [ 3.9587e-01,  9.0694e-01,  1.4402e-01,  2.1039e-01],
         [-8.5999e-02, -1.1953e-01,  9.8910e-01,  1.5697e+00],
         [ 0.0000e+00,  0.0000e+00,  0.0000e+00,  1.0000e+00]],

        [[ 9.0895e-01, -4.1676e-01,  1.1181e-02, -1.5786e-01],
         [ 4.1055e-01,  8.9943e-01,  1.4994e-01,  2.1023e-01],
         [-7.2548e-02, -1.3170e-01,  9.8863e-01,  1.5667e+00],
         [ 0.0000e+00,  0.0000e+00,  0.0000e+00,  1.0000e+00]],

        [[ 9.0977e-01, -4.1386e-01, -3.2119e-02, -1.5749e-01],
         [ 4.1346e-01,  8.9658e-01,  1.5873e-01,  2.1048e-01],
         [-3.6896e-02, -1.5769e-01,  9.8680e-01,  1.5609e+00],
         [ 0.0000e+00,  0.0000e+00,  0.0000e+00,  1.0000e+00]],

        [[ 9.1199e-01, -4.0859e-01, -3.6518e-02, -1.5708e-01],
         [ 4.0872e-01,  8.9744e-01,  1.6599e-01,  2.1028e-01],
         [-3.5049e-02, -1.6630e-01,  9.8545e-01,  1.5557e+00],
         [ 0.0000e+00,  0.0000e+00,  0.0000e+00,  1.0000e+00]],

        [[ 9.1565e-01, -3.9999e-01, -3.9817e-02, -1.5672e-01],
         [ 4.0084e-01,  9.0118e-01,  1.6496e-01,  2.0977e-01],
         [-3.0099e-02, -1.6700e-01,  9.8550e-01,  1.5532e+00],
         [ 0.0000e+00,  0.0000e+00,  0.0000e+00,  1.0000e+00]],

        [[ 9.1806e-01, -3.9427e-01, -4.1424e-02, -1.5555e-01],
         [ 3.9554e-01,  9.0392e-01,  1.6272e-01,  2.0793e-01],
         [-2.6711e-02, -1.6577e-01,  9.8580e-01,  1.5480e+00],
         [ 0.0000e+00,  0.0000e+00,  0.0000e+00,  1.0000e+00]],

        [[ 9.2319e-01, -3.8347e-01, -2.5780e-02, -1.5487e-01],
         [ 3.8230e-01,  9.0937e-01,  1.6399e-01,  2.0688e-01],
         [-3.9440e-02, -1.6125e-01,  9.8613e-01,  1.5454e+00],
         [ 0.0000e+00,  0.0000e+00,  0.0000e+00,  1.0000e+00]],

        [[ 9.2533e-01, -3.7895e-01, -1.2755e-02, -1.5348e-01],
         [ 3.7705e-01,  9.1608e-01,  1.3650e-01,  2.0520e-01],
         [-4.0043e-02, -1.3112e-01,  9.9056e-01,  1.5395e+00],
         [ 0.0000e+00,  0.0000e+00,  0.0000e+00,  1.0000e+00]],

        [[ 9.2435e-01, -3.8139e-01, -1.1249e-02, -1.5235e-01],
         [ 3.7896e-01,  9.1422e-01,  1.4351e-01,  2.0434e-01],
         [-4.4449e-02, -1.3691e-01,  9.8959e-01,  1.5330e+00],
         [ 0.0000e+00,  0.0000e+00,  0.0000e+00,  1.0000e+00]],

        [[ 9.1859e-01, -3.9507e-01, -1.0312e-02, -1.5205e-01],
         [ 3.9354e-01,  9.1202e-01,  1.1553e-01,  2.0429e-01],
         [-3.6238e-02, -1.1018e-01,  9.9325e-01,  1.5298e+00],
         [ 0.0000e+00,  0.0000e+00,  0.0000e+00,  1.0000e+00]],

        [[ 9.1606e-01, -4.0104e-01, -2.2596e-04, -1.5194e-01],
         [ 3.9837e-01,  9.0989e-01,  1.1578e-01,  2.0430e-01],
         [-4.6227e-02, -1.0615e-01,  9.9327e-01,  1.5235e+00],
         [ 0.0000e+00,  0.0000e+00,  0.0000e+00,  1.0000e+00]],

        [[ 9.1057e-01, -4.1336e-01, -6.7411e-04, -1.5195e-01],
         [ 4.1048e-01,  9.0404e-01,  1.1919e-01,  2.0420e-01],
         [-4.8660e-02, -1.0881e-01,  9.9287e-01,  1.5205e+00],
         [ 0.0000e+00,  0.0000e+00,  0.0000e+00,  1.0000e+00]],

        [[ 9.1694e-01, -3.9731e-01,  3.6889e-02, -1.5163e-01],
         [ 3.8895e-01,  9.1061e-01,  1.3963e-01,  2.0341e-01],
         [-8.9067e-02, -1.1368e-01,  9.8952e-01,  1.5149e+00],
         [ 0.0000e+00,  0.0000e+00,  0.0000e+00,  1.0000e+00]],

        [[ 9.3753e-01, -3.4085e-01,  6.9660e-02, -1.5080e-01],
         [ 3.2790e-01,  9.3265e-01,  1.5050e-01,  2.0158e-01],
         [-1.1627e-01, -1.1826e-01,  9.8615e-01,  1.5095e+00],
         [ 0.0000e+00,  0.0000e+00,  0.0000e+00,  1.0000e+00]],

        [[ 9.4223e-01, -3.2670e-01,  7.3926e-02, -1.5032e-01],
         [ 3.1101e-01,  9.3524e-01,  1.6908e-01,  2.0038e-01],
         [-1.2438e-01, -1.3632e-01,  9.8283e-01,  1.5066e+00],
         [ 0.0000e+00,  0.0000e+00,  0.0000e+00,  1.0000e+00]],

        [[ 9.4626e-01, -3.2108e-01,  3.8792e-02, -1.4956e-01],
         [ 3.1163e-01,  9.3727e-01,  1.5624e-01,  1.9847e-01],
         [-8.6523e-02, -1.3575e-01,  9.8696e-01,  1.5005e+00],
         [ 0.0000e+00,  0.0000e+00,  0.0000e+00,  1.0000e+00]],

        [[ 9.4786e-01, -3.1711e-01,  3.1571e-02, -1.4944e-01],
         [ 3.0854e-01,  9.3798e-01,  1.5810e-01,  1.9790e-01],
         [-7.9749e-02, -1.4012e-01,  9.8692e-01,  1.4975e+00],
         [ 0.0000e+00,  0.0000e+00,  0.0000e+00,  1.0000e+00]],

        [[ 9.3347e-01, -3.5841e-01,  1.3350e-02, -1.4943e-01],
         [ 3.5465e-01,  9.2793e-01,  1.1478e-01,  1.9754e-01],
         [-5.3526e-02, -1.0241e-01,  9.9330e-01,  1.4913e+00],
         [ 0.0000e+00,  0.0000e+00,  0.0000e+00,  1.0000e+00]],

        [[ 9.3254e-01, -3.6093e-01,  9.7280e-03, -1.4948e-01],
         [ 3.5769e-01,  9.2717e-01,  1.1139e-01,  1.9782e-01],
         [-4.9224e-02, -1.0040e-01,  9.9373e-01,  1.4856e+00],
         [ 0.0000e+00,  0.0000e+00,  0.0000e+00,  1.0000e+00]],

        [[ 9.2829e-01, -3.7175e-01, -8.6820e-03, -1.4931e-01],
         [ 3.7036e-01,  9.2221e-01,  1.1122e-01,  1.9776e-01],
         [-3.3338e-02, -1.0646e-01,  9.9376e-01,  1.4827e+00],
         [ 0.0000e+00,  0.0000e+00,  0.0000e+00,  1.0000e+00]],

        [[ 9.3710e-01, -3.4874e-01, -1.4879e-02, -1.4870e-01],
         [ 3.4840e-01,  9.3187e-01,  1.0114e-01,  1.9711e-01],
         [-2.1405e-02, -9.9961e-02,  9.9476e-01,  1.4772e+00],
         [ 0.0000e+00,  0.0000e+00,  0.0000e+00,  1.0000e+00]],

        [[ 9.3729e-01, -3.4834e-01, -1.2393e-02, -1.4815e-01],
         [ 3.4796e-01,  9.3300e-01,  9.1880e-02,  1.9630e-01],
         [-2.0443e-02, -9.0430e-02,  9.9569e-01,  1.4745e+00],
         [ 0.0000e+00,  0.0000e+00,  0.0000e+00,  1.0000e+00]],

        [[ 9.2895e-01, -3.7020e-01,  8.2418e-04, -1.4683e-01],
         [ 3.6952e-01,  9.2736e-01,  5.8843e-02,  1.9418e-01],
         [-2.2548e-02, -5.4357e-02,  9.9827e-01,  1.4689e+00],
         [ 0.0000e+00,  0.0000e+00,  0.0000e+00,  1.0000e+00]],

        [[ 9.3531e-01, -3.5384e-01,  8.0069e-04, -1.4532e-01],
         [ 3.5325e-01,  9.3388e-01,  5.5552e-02,  1.9236e-01],
         [-2.0404e-02, -5.1675e-02,  9.9846e-01,  1.4628e+00],
         [ 0.0000e+00,  0.0000e+00,  0.0000e+00,  1.0000e+00]],

        [[ 9.3448e-01, -3.5600e-01,  3.5939e-03, -1.4465e-01],
         [ 3.5539e-01,  9.3338e-01,  5.0025e-02,  1.9176e-01],
         [-2.1163e-02, -4.5470e-02,  9.9874e-01,  1.4596e+00],
         [ 0.0000e+00,  0.0000e+00,  0.0000e+00,  1.0000e+00]],

        [[ 9.3258e-01, -3.6091e-01,  6.6358e-03, -1.4385e-01],
         [ 3.6060e-01,  9.3230e-01,  2.8037e-02,  1.9137e-01],
         [-1.6305e-02, -2.3754e-02,  9.9958e-01,  1.4531e+00],
         [ 0.0000e+00,  0.0000e+00,  0.0000e+00,  1.0000e+00]],

        [[ 9.2620e-01, -3.7654e-01, -1.9157e-02, -1.4353e-01],
         [ 3.7701e-01,  9.2543e-01,  3.8054e-02,  1.9115e-01],
         [ 3.3995e-03, -4.2468e-02,  9.9909e-01,  1.4467e+00],
         [ 0.0000e+00,  0.0000e+00,  0.0000e+00,  1.0000e+00]],

        [[ 9.2887e-01, -3.7001e-01, -1.7076e-02, -1.4339e-01],
         [ 3.7027e-01,  9.2633e-01,  6.9419e-02,  1.9087e-01],
         [-9.8680e-03, -7.0804e-02,  9.9744e-01,  1.4438e+00],
         [ 0.0000e+00,  0.0000e+00,  0.0000e+00,  1.0000e+00]],

        [[ 9.2581e-01, -3.7791e-01, -7.2521e-03, -1.4261e-01],
         [ 3.7693e-01,  9.2163e-01,  9.2351e-02,  1.8945e-01],
         [-2.8217e-02, -8.8234e-02,  9.9570e-01,  1.4382e+00],
         [ 0.0000e+00,  0.0000e+00,  0.0000e+00,  1.0000e+00]],

        [[ 9.3561e-01, -3.5286e-01, -1.0831e-02, -1.4198e-01],
         [ 3.5162e-01,  9.2872e-01,  1.1765e-01,  1.8840e-01],
         [-3.1454e-02, -1.1388e-01,  9.9300e-01,  1.4354e+00],
         [ 0.0000e+00,  0.0000e+00,  0.0000e+00,  1.0000e+00]],

        [[ 9.3484e-01, -3.5475e-01, -1.4872e-02, -1.4053e-01],
         [ 3.5350e-01,  9.2598e-01,  1.3264e-01,  1.8577e-01],
         [-3.3283e-02, -1.2925e-01,  9.9105e-01,  1.4298e+00],
         [ 0.0000e+00,  0.0000e+00,  0.0000e+00,  1.0000e+00]],

        [[ 9.3886e-01, -3.4083e-01, -4.8737e-02, -1.3932e-01],
         [ 3.4429e-01,  9.2918e-01,  1.3445e-01,  1.8379e-01],
         [-5.3965e-04, -1.4301e-01,  9.8972e-01,  1.4237e+00],
         [ 0.0000e+00,  0.0000e+00,  0.0000e+00,  1.0000e+00]],

        [[ 9.2828e-01, -3.6646e-01, -6.3280e-02, -1.3894e-01],
         [ 3.7172e-01,  9.1934e-01,  1.2899e-01,  1.8316e-01],
         [ 1.0907e-02, -1.4326e-01,  9.8963e-01,  1.4205e+00],
         [ 0.0000e+00,  0.0000e+00,  0.0000e+00,  1.0000e+00]],

        [[ 9.2056e-01, -3.8036e-01, -8.8851e-02, -1.3852e-01],
         [ 3.8938e-01,  9.1158e-01,  1.3190e-01,  1.8297e-01],
         [ 3.0825e-02, -1.5602e-01,  9.8727e-01,  1.4141e+00],
         [ 0.0000e+00,  0.0000e+00,  0.0000e+00,  1.0000e+00]],

        [[ 9.2071e-01, -3.7635e-01, -1.0316e-01, -1.3833e-01],
         [ 3.8762e-01,  9.1258e-01,  1.3022e-01,  1.8312e-01],
         [ 4.5134e-02, -1.5989e-01,  9.8610e-01,  1.4110e+00],
         [ 0.0000e+00,  0.0000e+00,  0.0000e+00,  1.0000e+00]],

        [[ 9.1025e-01, -3.9255e-01, -1.3176e-01, -1.3786e-01],
         [ 4.0873e-01,  9.0274e-01,  1.3415e-01,  1.8323e-01],
         [ 6.6286e-02, -1.7596e-01,  9.8216e-01,  1.4051e+00],
         [ 0.0000e+00,  0.0000e+00,  0.0000e+00,  1.0000e+00]],

        [[ 9.1805e-01, -3.8051e-01, -1.1135e-01, -1.3710e-01],
         [ 3.9249e-01,  9.1194e-01,  1.1967e-01,  1.8284e-01],
         [ 5.6006e-02, -1.5356e-01,  9.8655e-01,  1.3995e+00],
         [ 0.0000e+00,  0.0000e+00,  0.0000e+00,  1.0000e+00]],

        [[ 9.2313e-01, -3.7232e-01, -9.5989e-02, -1.3659e-01],
         [ 3.8217e-01,  9.1588e-01,  1.2293e-01,  1.8224e-01],
         [ 4.2145e-02, -1.5017e-01,  9.8776e-01,  1.3967e+00],
         [ 0.0000e+00,  0.0000e+00,  0.0000e+00,  1.0000e+00]],

        [[ 9.1672e-01, -3.9115e-01, -8.1347e-02, -1.3512e-01],
         [ 3.9800e-01,  9.1185e-01,  1.0062e-01,  1.8066e-01],
         [ 3.4820e-02, -1.2462e-01,  9.9159e-01,  1.3908e+00],
         [ 0.0000e+00,  0.0000e+00,  0.0000e+00,  1.0000e+00]],

        [[ 9.2312e-01, -3.7746e-01, -7.3276e-02, -1.3430e-01],
         [ 3.8360e-01,  9.1713e-01,  1.0825e-01,  1.7994e-01],
         [ 2.6342e-02, -1.2804e-01,  9.9142e-01,  1.3877e+00],
         [ 0.0000e+00,  0.0000e+00,  0.0000e+00,  1.0000e+00]],

        [[ 9.2631e-01, -3.7187e-01, -6.0547e-02, -1.3280e-01],
         [ 3.7656e-01,  9.1910e-01,  1.1601e-01,  1.7883e-01],
         [ 1.2510e-02, -1.3026e-01,  9.9140e-01,  1.3815e+00],
         [ 0.0000e+00,  0.0000e+00,  0.0000e+00,  1.0000e+00]],

        [[ 9.1373e-01, -4.0233e-01, -5.6835e-02, -1.3194e-01],
         [ 4.0616e-01,  9.0834e-01,  9.9767e-02,  1.7843e-01],
         [ 1.1487e-02, -1.1424e-01,  9.9339e-01,  1.3752e+00],
         [ 0.0000e+00,  0.0000e+00,  0.0000e+00,  1.0000e+00]],

        [[ 9.1836e-01, -3.9155e-01, -5.7493e-02, -1.3169e-01],
         [ 3.9573e-01,  9.0989e-01,  1.2447e-01,  1.7831e-01],
         [ 3.5781e-03, -1.3706e-01,  9.9056e-01,  1.3722e+00],
         [ 0.0000e+00,  0.0000e+00,  0.0000e+00,  1.0000e+00]],

        [[ 9.1727e-01, -3.9261e-01, -6.6831e-02, -1.3123e-01],
         [ 3.9824e-01,  9.0228e-01,  1.6520e-01,  1.7779e-01],
         [-4.5600e-03, -1.7815e-01,  9.8399e-01,  1.3664e+00],
         [ 0.0000e+00,  0.0000e+00,  0.0000e+00,  1.0000e+00]],

        [[ 9.1915e-01, -3.9003e-01, -5.5158e-02, -1.3088e-01],
         [ 3.9340e-01,  9.0179e-01,  1.7890e-01,  1.7724e-01],
         [-2.0034e-02, -1.8613e-01,  9.8232e-01,  1.3637e+00],
         [ 0.0000e+00,  0.0000e+00,  0.0000e+00,  1.0000e+00]],

        [[ 9.1542e-01, -3.9857e-01, -5.6126e-02, -1.2978e-01],
         [ 4.0217e-01,  9.0005e-01,  1.6786e-01,  1.7546e-01],
         [-1.6388e-02, -1.7623e-01,  9.8421e-01,  1.3581e+00],
         [ 0.0000e+00,  0.0000e+00,  0.0000e+00,  1.0000e+00]],

        [[ 9.0478e-01, -4.2209e-01, -5.6614e-02, -1.2853e-01],
         [ 4.2576e-01,  8.9347e-01,  1.4295e-01,  1.7306e-01],
         [-9.7543e-03, -1.5344e-01,  9.8811e-01,  1.3525e+00],
         [ 0.0000e+00,  0.0000e+00,  0.0000e+00,  1.0000e+00]],

        [[ 9.0655e-01, -4.1786e-01, -5.9692e-02, -1.2803e-01],
         [ 4.2205e-01,  8.9511e-01,  1.4374e-01,  1.7203e-01],
         [-6.6321e-03, -1.5550e-01,  9.8781e-01,  1.3496e+00],
         [ 0.0000e+00,  0.0000e+00,  0.0000e+00,  1.0000e+00]],

        [[ 8.9730e-01, -4.3497e-01, -7.5180e-02, -1.2729e-01],
         [ 4.4123e-01,  8.8885e-01,  1.2353e-01,  1.7075e-01],
         [ 1.3091e-02, -1.4402e-01,  9.8949e-01,  1.3435e+00],
         [ 0.0000e+00,  0.0000e+00,  0.0000e+00,  1.0000e+00]],

        [[ 9.0338e-01, -4.2356e-01, -6.7051e-02, -1.2716e-01],
         [ 4.2881e-01,  8.9363e-01,  1.3245e-01,  1.7051e-01],
         [ 3.8205e-03, -1.4840e-01,  9.8892e-01,  1.3406e+00],
         [ 0.0000e+00,  0.0000e+00,  0.0000e+00,  1.0000e+00]],

        [[ 9.0633e-01, -4.1643e-01, -7.1839e-02, -1.2683e-01],
         [ 4.2255e-01,  8.9502e-01,  1.4280e-01,  1.7023e-01],
         [ 4.8329e-03, -1.5978e-01,  9.8714e-01,  1.3352e+00],
         [ 0.0000e+00,  0.0000e+00,  0.0000e+00,  1.0000e+00]],

        [[ 9.1224e-01, -3.9801e-01, -9.7007e-02, -1.2617e-01],
         [ 4.0900e-01,  8.9834e-01,  1.6033e-01,  1.6990e-01],
         [ 2.3330e-02, -1.8594e-01,  9.8228e-01,  1.3298e+00],
         [ 0.0000e+00,  0.0000e+00,  0.0000e+00,  1.0000e+00]],

        [[ 9.1703e-01, -3.8717e-01, -9.5727e-02, -1.2570e-01],
         [ 3.9756e-01,  9.0652e-01,  1.4205e-01,  1.6960e-01],
         [ 3.1780e-02, -1.6832e-01,  9.8522e-01,  1.3272e+00],
         [ 0.0000e+00,  0.0000e+00,  0.0000e+00,  1.0000e+00]],

        [[ 9.2884e-01, -3.5939e-01, -8.9947e-02, -1.2441e-01],
         [ 3.6836e-01,  9.2181e-01,  1.2078e-01,  1.6813e-01],
         [ 3.9507e-02, -1.4532e-01,  9.8860e-01,  1.3220e+00],
         [ 0.0000e+00,  0.0000e+00,  0.0000e+00,  1.0000e+00]],

        [[ 9.2007e-01, -3.8244e-01, -8.4893e-02, -1.2360e-01],
         [ 3.8943e-01,  9.1644e-01,  9.2126e-02,  1.6705e-01],
         [ 4.2566e-02, -1.1782e-01,  9.9212e-01,  1.3193e+00],
         [ 0.0000e+00,  0.0000e+00,  0.0000e+00,  1.0000e+00]],

        [[ 9.1255e-01, -4.0326e-01, -6.8080e-02, -1.2188e-01],
         [ 4.0758e-01,  9.1046e-01,  7.0280e-02,  1.6512e-01],
         [ 3.3643e-02, -9.1882e-02,  9.9520e-01,  1.3136e+00],
         [ 0.0000e+00,  0.0000e+00,  0.0000e+00,  1.0000e+00]],

        [[ 9.1139e-01, -4.0640e-01, -6.4907e-02, -1.2032e-01],
         [ 4.0894e-01,  9.1201e-01,  3.1756e-02,  1.6420e-01],
         [ 4.6290e-02, -5.5485e-02,  9.9739e-01,  1.3073e+00],
         [ 0.0000e+00,  0.0000e+00,  0.0000e+00,  1.0000e+00]],

        [[ 9.0193e-01, -4.2697e-01, -6.4903e-02, -1.1986e-01],
         [ 4.2817e-01,  9.0368e-01,  5.1667e-03,  1.6410e-01],
         [ 5.6446e-02, -3.2450e-02,  9.9788e-01,  1.3042e+00],
         [ 0.0000e+00,  0.0000e+00,  0.0000e+00,  1.0000e+00]],

        [[ 9.0428e-01, -4.2251e-01, -6.1399e-02, -1.1952e-01],
         [ 4.2249e-01,  9.0626e-01, -1.3973e-02,  1.6426e-01],
         [ 6.1547e-02, -1.3305e-02,  9.9802e-01,  1.2982e+00],
         [ 0.0000e+00,  0.0000e+00,  0.0000e+00,  1.0000e+00]],

