nohup: ignoring input
Loaded image data (480, 640, 3, 298) [480.         640.          88.65247645]
GT poses: tensor([[[-7.3832e-01,  6.4793e-01, -1.8726e-01, -6.5493e-02],
         [ 6.3308e-01,  7.6153e-01,  1.3888e-01,  1.1415e-01],
         [ 2.3259e-01, -1.6012e-02, -9.7244e-01,  9.8982e-02],
         [ 0.0000e+00,  0.0000e+00,  0.0000e+00,  1.0000e+00]],

        [[-7.3816e-01,  6.4843e-01, -1.8617e-01, -6.4780e-02],
         [ 6.3395e-01,  7.6109e-01,  1.3728e-01,  1.1433e-01],
         [ 2.3071e-01, -1.6684e-02, -9.7288e-01,  1.0433e-01],
         [ 0.0000e+00,  0.0000e+00,  0.0000e+00,  1.0000e+00]],

        [[-7.3943e-01,  6.4780e-01, -1.8331e-01, -6.4100e-02],
         [ 6.3380e-01,  7.6163e-01,  1.3493e-01,  1.1286e-01],
         [ 2.2702e-01, -1.6406e-02, -9.7375e-01,  1.1506e-01],
         [ 0.0000e+00,  0.0000e+00,  0.0000e+00,  1.0000e+00]],

        [[-7.4073e-01,  6.4672e-01, -1.8185e-01, -6.5277e-02],
         [ 6.3323e-01,  7.6254e-01,  1.3250e-01,  1.1342e-01],
         [ 2.2436e-01, -1.7005e-02, -9.7436e-01,  1.2315e-01],
         [ 0.0000e+00,  0.0000e+00,  0.0000e+00,  1.0000e+00]],

        [[-7.4117e-01,  6.4668e-01, -1.8021e-01, -6.4972e-02],
         [ 6.3359e-01,  7.6256e-01,  1.3060e-01,  1.1148e-01],
         [ 2.2188e-01, -1.7383e-02, -9.7492e-01,  1.3286e-01],
         [ 0.0000e+00,  0.0000e+00,  0.0000e+00,  1.0000e+00]],

        [[-7.4132e-01,  6.4696e-01, -1.7855e-01, -6.2650e-02],
         [ 6.3420e-01,  7.6232e-01,  1.2905e-01,  1.1018e-01],
         [ 2.1960e-01, -1.7570e-02, -9.7543e-01,  1.4520e-01],
         [ 0.0000e+00,  0.0000e+00,  0.0000e+00,  1.0000e+00]],

        [[-7.4137e-01,  6.4750e-01, -1.7640e-01, -5.9738e-02],
         [ 6.3543e-01,  7.6183e-01,  1.2585e-01,  1.1132e-01],
         [ 2.1588e-01, -1.8786e-02, -9.7624e-01,  1.5402e-01],
         [ 0.0000e+00,  0.0000e+00,  0.0000e+00,  1.0000e+00]],

        [[-7.4183e-01,  6.4753e-01, -1.7435e-01, -5.4962e-02],
         [ 6.3616e-01,  7.6178e-01,  1.2247e-01,  1.1013e-01],
         [ 2.1212e-01, -2.0065e-02, -9.7704e-01,  1.6546e-01],
         [ 0.0000e+00,  0.0000e+00,  0.0000e+00,  1.0000e+00]],

        [[-7.4196e-01,  6.4823e-01, -1.7116e-01, -4.7796e-02],
         [ 6.3760e-01,  7.6116e-01,  1.1880e-01,  1.0554e-01],
         [ 2.0729e-01, -2.0986e-02, -9.7806e-01,  1.8224e-01],
         [ 0.0000e+00,  0.0000e+00,  0.0000e+00,  1.0000e+00]],

        [[-7.4264e-01,  6.4859e-01, -1.6678e-01, -4.0848e-02],
         [ 6.3860e-01,  7.6085e-01,  1.1529e-01,  9.9687e-02],
         [ 2.0167e-01, -2.0892e-02, -9.7923e-01,  2.0192e-01],
         [ 0.0000e+00,  0.0000e+00,  0.0000e+00,  1.0000e+00]],

        [[-7.4337e-01,  6.4863e-01, -1.6337e-01, -3.1074e-02],
         [ 6.3952e-01,  7.6078e-01,  1.1056e-01,  9.3922e-02],
         [ 1.9600e-01, -2.2295e-02, -9.8035e-01,  2.2244e-01],
         [ 0.0000e+00,  0.0000e+00,  0.0000e+00,  1.0000e+00]],

        [[-7.4412e-01,  6.4872e-01, -1.5952e-01, -1.9982e-02],
         [ 6.4041e-01,  7.6067e-01,  1.0608e-01,  8.3731e-02],
         [ 1.9016e-01, -2.3220e-02, -9.8148e-01,  2.4531e-01],
         [ 0.0000e+00,  0.0000e+00,  0.0000e+00,  1.0000e+00]],

        [[-7.4357e-01,  6.5036e-01, -1.5534e-01, -5.2279e-03],
         [ 6.4291e-01,  7.5923e-01,  1.0122e-01,  6.9908e-02],
         [ 1.8377e-01, -2.4606e-02, -9.8266e-01,  2.7263e-01],
         [ 0.0000e+00,  0.0000e+00,  0.0000e+00,  1.0000e+00]],

        [[-7.4267e-01,  6.5243e-01, -1.5095e-01,  1.8473e-02],
         [ 6.4608e-01,  7.5737e-01,  9.4773e-02,  5.3273e-02],
         [ 1.7616e-01, -2.7143e-02, -9.8399e-01,  3.1246e-01],
         [ 0.0000e+00,  0.0000e+00,  0.0000e+00,  1.0000e+00]],

        [[-7.4427e-01,  6.5189e-01, -1.4527e-01,  4.6591e-02],
         [ 6.4641e-01,  7.5781e-01,  8.8804e-02,  3.1374e-02],
         [ 1.6798e-01, -2.7808e-02, -9.8540e-01,  3.5766e-01],
         [ 0.0000e+00,  0.0000e+00,  0.0000e+00,  1.0000e+00]],

        [[-7.4602e-01,  6.5142e-01, -1.3826e-01,  7.1669e-02],
         [ 6.4654e-01,  7.5825e-01,  8.3956e-02,  8.0835e-03],
         [ 1.5952e-01, -2.6755e-02, -9.8683e-01,  4.2315e-01],
         [ 0.0000e+00,  0.0000e+00,  0.0000e+00,  1.0000e+00]],

        [[-7.4678e-01,  6.5168e-01, -1.3281e-01,  1.0073e-01],
         [ 6.4707e-01,  7.5808e-01,  8.1348e-02, -2.0756e-02],
         [ 1.5369e-01, -2.5189e-02, -9.8780e-01,  5.1223e-01],
         [ 0.0000e+00,  0.0000e+00,  0.0000e+00,  1.0000e+00]],

        [[-7.4694e-01,  6.5173e-01, -1.3160e-01,  1.3355e-01],
         [ 6.4699e-01,  7.5807e-01,  8.2028e-02, -4.9820e-02],
         [ 1.5322e-01, -2.3872e-02, -9.8790e-01,  6.0273e-01],
         [ 0.0000e+00,  0.0000e+00,  0.0000e+00,  1.0000e+00]],

        [[-7.4762e-01,  6.5217e-01, -1.2542e-01,  1.4959e-01],
         [ 6.4773e-01,  7.5775e-01,  7.9099e-02, -6.6817e-02],
         [ 1.4662e-01, -2.2100e-02, -9.8895e-01,  6.4950e-01],
         [ 0.0000e+00,  0.0000e+00,  0.0000e+00,  1.0000e+00]],

        [[-7.5007e-01,  6.4982e-01, -1.2300e-01,  1.6784e-01],
         [ 6.4572e-01,  7.5976e-01,  7.6195e-02, -7.6166e-02],
         [ 1.4296e-01, -2.2271e-02, -9.8948e-01,  7.0041e-01],
         [ 0.0000e+00,  0.0000e+00,  0.0000e+00,  1.0000e+00]],

        [[-7.5117e-01,  6.4949e-01, -1.1790e-01,  1.7479e-01],
         [ 6.4558e-01,  7.6009e-01,  7.4017e-02, -8.4600e-02],
         [ 1.3769e-01, -2.0512e-02, -9.9026e-01,  7.4115e-01],
         [ 0.0000e+00,  0.0000e+00,  0.0000e+00,  1.0000e+00]],

        [[-7.5314e-01,  6.4739e-01, -1.1692e-01,  1.8705e-01],
         [ 6.4343e-01,  7.6191e-01,  7.4109e-02, -9.3810e-02],
         [ 1.3706e-01, -1.9415e-02, -9.9037e-01,  8.0175e-01],
         [ 0.0000e+00,  0.0000e+00,  0.0000e+00,  1.0000e+00]],

        [[-7.5408e-01,  6.4673e-01, -1.1445e-01,  1.9100e-01],
         [ 6.4279e-01,  7.6251e-01,  7.3566e-02, -9.6426e-02],
         [ 1.3485e-01, -1.8093e-02, -9.9070e-01,  8.5064e-01],
         [ 0.0000e+00,  0.0000e+00,  0.0000e+00,  1.0000e+00]],

        [[-7.5550e-01,  6.4552e-01, -1.1190e-01,  1.9253e-01],
         [ 6.4193e-01,  7.6352e-01,  7.0427e-02, -9.4868e-02],
         [ 1.3090e-01, -1.8628e-02, -9.9122e-01,  8.9444e-01],
         [ 0.0000e+00,  0.0000e+00,  0.0000e+00,  1.0000e+00]],

        [[-7.5512e-01,  6.4581e-01, -1.1282e-01,  1.9986e-01],
         [ 6.4184e-01,  7.6331e-01,  7.3447e-02, -1.0515e-01],
         [ 1.3355e-01, -1.6948e-02, -9.9090e-01,  9.5833e-01],
         [ 0.0000e+00,  0.0000e+00,  0.0000e+00,  1.0000e+00]],

        [[-7.5718e-01,  6.4463e-01, -1.0548e-01,  1.8995e-01],
         [ 6.4118e-01,  7.6433e-01,  6.8434e-02, -9.9456e-02],
         [ 1.2474e-01, -1.5815e-02, -9.9206e-01,  9.9573e-01],
         [ 0.0000e+00,  0.0000e+00,  0.0000e+00,  1.0000e+00]],

        [[-7.5782e-01,  6.4411e-01, -1.0405e-01,  1.9003e-01],
         [ 6.4083e-01,  7.6477e-01,  6.6837e-02, -9.9265e-02],
         [ 1.2262e-01, -1.6027e-02, -9.9232e-01,  1.0399e+00],
         [ 0.0000e+00,  0.0000e+00,  0.0000e+00,  1.0000e+00]],

        [[-7.5829e-01,  6.4345e-01, -1.0476e-01,  2.0077e-01],
         [ 6.4047e-01,  7.6527e-01,  6.4461e-02, -9.7839e-02],
         [ 1.2165e-01, -1.8217e-02, -9.9241e-01,  1.1138e+00],
         [ 0.0000e+00,  0.0000e+00,  0.0000e+00,  1.0000e+00]],

        [[-7.5910e-01,  6.4336e-01, -9.9262e-02,  1.9588e-01],
         [ 6.4064e-01,  7.6538e-01,  6.1481e-02, -9.3902e-02],
         [ 1.1553e-01, -1.6921e-02, -9.9316e-01,  1.1497e+00],
         [ 0.0000e+00,  0.0000e+00,  0.0000e+00,  1.0000e+00]],

        [[-7.5825e-01,  6.4431e-01, -9.9596e-02,  2.0133e-01],
         [ 6.4140e-01,  7.6460e-01,  6.3237e-02, -9.9727e-02],
         [ 1.1690e-01, -1.5931e-02, -9.9302e-01,  1.2149e+00],
         [ 0.0000e+00,  0.0000e+00,  0.0000e+00,  1.0000e+00]],

        [[-7.5863e-01,  6.4412e-01, -9.7903e-02,  2.0235e-01],
         [ 6.4145e-01,  7.6474e-01,  6.0957e-02, -9.8838e-02],
         [ 1.1413e-01, -1.6556e-02, -9.9333e-01,  1.2834e+00],
         [ 0.0000e+00,  0.0000e+00,  0.0000e+00,  1.0000e+00]],

        [[-7.5884e-01,  6.4472e-01, -9.2204e-02,  1.9362e-01],
         [ 6.4220e-01,  7.6428e-01,  5.8742e-02, -9.8921e-02],
         [ 1.0834e-01, -1.4638e-02, -9.9401e-01,  1.3269e+00],
         [ 0.0000e+00,  0.0000e+00,  0.0000e+00,  1.0000e+00]],

        [[-7.5925e-01,  6.4501e-01, -8.6655e-02,  1.8591e-01],
         [ 6.4266e-01,  7.6407e-01,  5.6468e-02, -9.8877e-02],
         [ 1.0263e-01, -1.2817e-02, -9.9464e-01,  1.3734e+00],
         [ 0.0000e+00,  0.0000e+00,  0.0000e+00,  1.0000e+00]],

        [[-7.5931e-01,  6.4541e-01, -8.3029e-02,  1.8034e-01],
         [ 6.4340e-01,  7.6372e-01,  5.2632e-02, -9.1864e-02],
         [ 9.7380e-02, -1.3456e-02, -9.9516e-01,  1.4038e+00],
         [ 0.0000e+00,  0.0000e+00,  0.0000e+00,  1.0000e+00]],

        [[-7.5874e-01,  6.4631e-01, -8.1284e-02,  1.7823e-01],
         [ 6.4442e-01,  7.6296e-01,  5.1138e-02, -9.0146e-02],
         [ 9.5067e-02, -1.3581e-02, -9.9538e-01,  1.4501e+00],
         [ 0.0000e+00,  0.0000e+00,  0.0000e+00,  1.0000e+00]],

        [[-7.5868e-01,  6.4680e-01, -7.7768e-02,  1.7083e-01],
         [ 6.4503e-01,  7.6255e-01,  4.9473e-02, -8.7007e-02],
         [ 9.1301e-02, -1.2629e-02, -9.9574e-01,  1.4941e+00],
         [ 0.0000e+00,  0.0000e+00,  0.0000e+00,  1.0000e+00]],

        [[-7.5877e-01,  6.4708e-01, -7.4547e-02,  1.6221e-01],
         [ 6.4570e-01,  7.6229e-01,  4.4591e-02, -7.6735e-02],
         [ 8.5681e-02, -1.4301e-02, -9.9622e-01,  1.5252e+00],
         [ 0.0000e+00,  0.0000e+00,  0.0000e+00,  1.0000e+00]],

        [[-7.5893e-01,  6.4743e-01, -6.9651e-02,  1.5287e-01],
         [ 6.4643e-01,  7.6197e-01,  3.9122e-02, -6.7487e-02],
         [ 7.8401e-02, -1.5334e-02, -9.9680e-01,  1.5693e+00],
         [ 0.0000e+00,  0.0000e+00,  0.0000e+00,  1.0000e+00]],

        [[-7.5983e-01,  6.4690e-01, -6.4614e-02,  1.4144e-01],
         [ 6.4624e-01,  7.6240e-01,  3.3447e-02, -5.7229e-02],
         [ 7.0899e-02, -1.6342e-02, -9.9735e-01,  1.6106e+00],
         [ 0.0000e+00,  0.0000e+00,  0.0000e+00,  1.0000e+00]],

        [[-7.5984e-01,  6.4773e-01, -5.5550e-02,  1.2034e-01],
         [ 6.4715e-01,  7.6176e-01,  3.0297e-02, -5.3527e-02],
         [ 6.1940e-02, -1.2928e-02, -9.9800e-01,  1.6339e+00],
         [ 0.0000e+00,  0.0000e+00,  0.0000e+00,  1.0000e+00]],

        [[-7.5963e-01,  6.4862e-01, -4.7537e-02,  1.0158e-01],
         [ 6.4803e-01,  7.6106e-01,  2.8934e-02, -5.3793e-02],
         [ 5.4946e-02, -8.8266e-03, -9.9845e-01,  1.6287e+00],
         [ 0.0000e+00,  0.0000e+00,  0.0000e+00,  1.0000e+00]],

        [[-7.6247e-01,  6.4516e-01, -4.9097e-02,  8.7614e-02],
         [ 6.4435e-01,  7.6402e-01,  3.2943e-02, -5.6014e-02],
         [ 5.8765e-02, -6.5180e-03, -9.9825e-01,  1.3119e+00],
         [ 0.0000e+00,  0.0000e+00,  0.0000e+00,  1.0000e+00]],

        [[-7.6396e-01,  6.4315e-01, -5.2103e-02,  5.8176e-02],
         [ 6.4036e-01,  7.6562e-01,  6.1396e-02, -6.8366e-02],
         [ 7.9378e-02,  1.3539e-02, -9.9675e-01,  7.1448e-01],
         [ 0.0000e+00,  0.0000e+00,  0.0000e+00,  1.0000e+00]],

        [[-7.6587e-01,  6.4155e-01, -4.3145e-02,  4.2254e-02],
         [ 6.3908e-01,  7.6689e-01,  5.8826e-02, -6.8629e-02],
         [ 7.0827e-02,  1.7480e-02, -9.9734e-01,  7.2512e-01],
         [ 0.0000e+00,  0.0000e+00,  0.0000e+00,  1.0000e+00]],

        [[-7.6044e-01,  6.4799e-01,  4.2923e-02, -6.7569e-02],
         [ 6.4879e-01,  7.6094e-01,  6.5623e-03, -1.1752e-02],
         [-2.8410e-02,  3.2839e-02, -9.9906e-01,  8.8746e-01],
         [ 0.0000e+00,  0.0000e+00,  0.0000e+00,  1.0000e+00]],

        [[-7.5545e-01,  6.4715e-01,  1.0239e-01, -1.8939e-01],
         [ 6.4564e-01,  7.6188e-01, -5.1788e-02,  8.2866e-02],
         [-1.1153e-01,  2.6986e-02, -9.9339e-01,  1.2672e+00],
         [ 0.0000e+00,  0.0000e+00,  0.0000e+00,  1.0000e+00]],

        [[-7.5612e-01,  6.4403e-01,  1.1622e-01, -2.1496e-01],
         [ 6.4149e-01,  7.6453e-01, -6.3175e-02,  1.0257e-01],
         [-1.2954e-01,  2.6787e-02, -9.9121e-01,  1.3397e+00],
         [ 0.0000e+00,  0.0000e+00,  0.0000e+00,  1.0000e+00]],

        [[-7.5701e-01,  6.4295e-01,  1.1640e-01, -2.2263e-01],
         [ 6.3889e-01,  7.6569e-01, -7.4342e-02,  1.2125e-01],
         [-1.3692e-01,  1.8087e-02, -9.9042e-01,  1.3973e+00],
         [ 0.0000e+00,  0.0000e+00,  0.0000e+00,  1.0000e+00]],

        [[-7.5812e-01,  6.3995e-01,  1.2540e-01, -2.4498e-01],
         [ 6.3516e-01,  7.6819e-01, -8.0348e-02,  1.3220e-01],
         [-1.4775e-01,  1.8736e-02, -9.8885e-01,  1.4250e+00],
         [ 0.0000e+00,  0.0000e+00,  0.0000e+00,  1.0000e+00]],

        [[-7.5814e-01,  6.4044e-01,  1.2271e-01, -2.5134e-01],
         [ 6.3551e-01,  7.6783e-01, -8.1038e-02,  1.3433e-01],
         [-1.4612e-01,  1.6543e-02, -9.8913e-01,  1.5385e+00],
         [ 0.0000e+00,  0.0000e+00,  0.0000e+00,  1.0000e+00]],

        [[-7.5779e-01,  6.3898e-01,  1.3211e-01, -2.6575e-01],
         [ 6.3395e-01,  7.6893e-01, -8.2737e-02,  1.3319e-01],
         [-1.5445e-01,  2.1053e-02, -9.8778e-01,  1.5457e+00],
         [ 0.0000e+00,  0.0000e+00,  0.0000e+00,  1.0000e+00]],

        [[-7.5820e-01,  6.3756e-01,  1.3657e-01, -2.6702e-01],
         [ 6.3226e-01,  7.7009e-01, -8.4924e-02,  1.2628e-01],
         [-1.5932e-01,  2.1959e-02, -9.8698e-01,  1.5271e+00],
         [ 0.0000e+00,  0.0000e+00,  0.0000e+00,  1.0000e+00]],

        [[-7.5942e-01,  6.3679e-01,  1.3335e-01, -2.5649e-01],
         [ 6.3144e-01,  7.7078e-01, -8.4769e-02,  1.1831e-01],
         [-1.5676e-01,  1.9825e-02, -9.8744e-01,  1.5111e+00],
         [ 0.0000e+00,  0.0000e+00,  0.0000e+00,  1.0000e+00]],

        [[-7.5899e-01,  6.3774e-01,  1.3125e-01, -2.5134e-01],
         [ 6.3092e-01,  7.7017e-01, -9.3699e-02,  1.3433e-01],
         [-1.6084e-01,  1.1694e-02, -9.8691e-01,  1.5385e+00],
         [ 0.0000e+00,  0.0000e+00,  0.0000e+00,  1.0000e+00]],

        [[-7.5705e-01,  6.3984e-01,  1.3221e-01, -2.6808e-01],
         [ 6.3330e-01,  7.6839e-01, -9.2285e-02,  1.3931e-01],
         [-1.6063e-01,  1.3862e-02, -9.8692e-01,  1.7389e+00],
         [ 0.0000e+00,  0.0000e+00,  0.0000e+00,  1.0000e+00]],

        [[-7.5537e-01,  6.4088e-01,  1.3672e-01, -2.9956e-01],
         [ 6.3439e-01,  7.6746e-01, -9.2525e-02,  1.5408e-01],
         [-1.6422e-01,  1.6842e-02, -9.8628e-01,  1.9860e+00],
         [ 0.0000e+00,  0.0000e+00,  0.0000e+00,  1.0000e+00]],

        [[-7.5499e-01,  6.4066e-01,  1.3982e-01, -3.1184e-01],
         [ 6.3390e-01,  7.6763e-01, -9.4428e-02,  1.6133e-01],
         [-1.6782e-01,  1.7336e-02, -9.8566e-01,  2.0654e+00],
         [ 0.0000e+00,  0.0000e+00,  0.0000e+00,  1.0000e+00]],

        [[-7.5390e-01,  6.4165e-01,  1.4110e-01, -3.2856e-01],
         [ 6.3439e-01,  7.6683e-01, -9.7559e-02,  1.7794e-01],
         [-1.7080e-01,  1.5966e-02, -9.8518e-01,  2.1999e+00],
         [ 0.0000e+00,  0.0000e+00,  0.0000e+00,  1.0000e+00]],

        [[-7.5286e-01,  6.4297e-01,  1.4067e-01, -3.4938e-01],
         [ 6.3470e-01,  7.6580e-01, -1.0346e-01,  2.1239e-01],
         [-1.7425e-01,  1.1396e-02, -9.8464e-01,  2.4036e+00],
         [ 0.0000e+00,  0.0000e+00,  0.0000e+00,  1.0000e+00]],

        [[-7.5163e-01,  6.4405e-01,  1.4227e-01, -3.7565e-01],
         [ 6.3501e-01,  7.6492e-01, -1.0795e-01,  2.4247e-01],
         [-1.7835e-01,  9.2014e-03, -9.8392e-01,  2.5952e+00],
         [ 0.0000e+00,  0.0000e+00,  0.0000e+00,  1.0000e+00]],

        [[-7.4959e-01,  6.4450e-01,  1.5079e-01, -5.0505e-01],
         [ 6.3268e-01,  7.6460e-01, -1.2294e-01,  3.7297e-01],
         [-1.9453e-01,  3.2515e-03, -9.8089e-01,  3.2867e+00],
         [ 0.0000e+00,  0.0000e+00,  0.0000e+00,  1.0000e+00]],

        [[-7.4936e-01,  6.4509e-01,  1.4941e-01, -4.5346e-01],
         [ 6.3481e-01,  7.6406e-01, -1.1503e-01,  3.0556e-01],
         [-1.8836e-01,  8.6492e-03, -9.8206e-01,  2.9833e+00],
         [ 0.0000e+00,  0.0000e+00,  0.0000e+00,  1.0000e+00]],

        [[-7.4668e-01,  6.4538e-01,  1.6111e-01, -5.3899e-01],
         [ 6.3389e-01,  7.6378e-01, -1.2178e-01,  3.6522e-01],
         [-2.0165e-01,  1.1190e-02, -9.7939e-01,  3.2659e+00],
         [ 0.0000e+00,  0.0000e+00,  0.0000e+00,  1.0000e+00]],

        [[-7.4414e-01,  6.4751e-01,  1.6427e-01, -5.9466e-01],
         [ 6.3442e-01,  7.6202e-01, -1.2975e-01,  4.2936e-01],
         [-2.0919e-01,  7.6663e-03, -9.7785e-01,  3.5389e+00],
         [ 0.0000e+00,  0.0000e+00,  0.0000e+00,  1.0000e+00]],

        [[-7.4469e-01,  6.4747e-01,  1.6193e-01, -6.1278e-01],
         [ 6.3523e-01,  7.6204e-01, -1.2565e-01,  4.3510e-01],
         [-2.0475e-01,  9.2891e-03, -9.7877e-01,  3.7154e+00],
         [ 0.0000e+00,  0.0000e+00,  0.0000e+00,  1.0000e+00]],

        [[-7.4546e-01,  6.4662e-01,  1.6176e-01, -6.3283e-01],
         [ 6.3519e-01,  7.6271e-01, -1.2168e-01,  4.3631e-01],
         [-2.0205e-01,  1.2043e-02, -9.7930e-01,  3.8571e+00],
         [ 0.0000e+00,  0.0000e+00,  0.0000e+00,  1.0000e+00]],

        [[-7.4650e-01,  6.4523e-01,  1.6255e-01, -6.3630e-01],
         [ 6.3376e-01,  7.6389e-01, -1.2169e-01,  4.3926e-01],
         [-2.0269e-01,  1.2171e-02, -9.7917e-01,  3.8653e+00],
         [ 0.0000e+00,  0.0000e+00,  0.0000e+00,  1.0000e+00]],

        [[-7.4618e-01,  6.4571e-01,  1.6212e-01, -6.4283e-01],
         [ 6.3410e-01,  7.6350e-01, -1.2241e-01,  4.5236e-01],
         [-2.0282e-01,  1.1459e-02, -9.7915e-01,  3.9224e+00],
         [ 0.0000e+00,  0.0000e+00,  0.0000e+00,  1.0000e+00]],

        [[-7.4622e-01,  6.4548e-01,  1.6280e-01, -6.4433e-01],
         [ 6.3434e-01,  7.6365e-01, -1.2018e-01,  4.4590e-01],
         [-2.0190e-01,  1.3590e-02, -9.7931e-01,  3.9268e+00],
         [ 0.0000e+00,  0.0000e+00,  0.0000e+00,  1.0000e+00]],

        [[-7.4680e-01,  6.4426e-01,  1.6498e-01, -6.4465e-01],
         [ 6.3257e-01,  7.6470e-01, -1.2282e-01,  4.5211e-01],
         [-2.0529e-01,  1.2638e-02, -9.7862e-01,  3.8665e+00],
         [ 0.0000e+00,  0.0000e+00,  0.0000e+00,  1.0000e+00]],

        [[-7.4699e-01,  6.4398e-01,  1.6521e-01, -6.5307e-01],
         [ 6.3224e-01,  7.6494e-01, -1.2303e-01,  4.5758e-01],
         [-2.0560e-01,  1.2549e-02, -9.7856e-01,  3.9089e+00],
         [ 0.0000e+00,  0.0000e+00,  0.0000e+00,  1.0000e+00]],

        [[-7.4781e-01,  6.4333e-01,  1.6403e-01, -6.4177e-01],
         [ 6.3161e-01,  7.6550e-01, -1.2282e-01,  4.5326e-01],
         [-2.0458e-01,  1.1759e-02, -9.7878e-01,  3.8730e+00],
         [ 0.0000e+00,  0.0000e+00,  0.0000e+00,  1.0000e+00]],

        [[-7.4809e-01,  6.4317e-01,  1.6342e-01, -6.3058e-01],
         [ 6.3162e-01,  7.6563e-01, -1.2193e-01,  4.4350e-01],
         [-2.0354e-01,  1.2002e-02, -9.7899e-01,  3.8293e+00],
         [ 0.0000e+00,  0.0000e+00,  0.0000e+00,  1.0000e+00]],

        [[-7.4830e-01,  6.4314e-01,  1.6254e-01, -6.2937e-01],
         [ 6.3165e-01,  7.6566e-01, -1.2162e-01,  4.4195e-01],
         [-2.0267e-01,  1.1661e-02, -9.7918e-01,  3.8536e+00],
         [ 0.0000e+00,  0.0000e+00,  0.0000e+00,  1.0000e+00]],

        [[-7.2262e-01,  6.6867e-01, -1.7521e-01,  1.8762e-01],
         [ 6.1865e-01,  7.3868e-01,  2.6762e-01, -2.0693e-01],
         [ 3.0838e-01,  8.4992e-02, -9.4746e-01,  1.6577e-01],
         [ 0.0000e+00,  0.0000e+00,  0.0000e+00,  1.0000e+00]],

        [[-7.2291e-01,  6.6827e-01, -1.7556e-01,  1.8878e-01],
         [ 6.1802e-01,  7.3901e-01,  2.6818e-01, -2.0710e-01],
         [ 3.0896e-01,  8.5365e-02, -9.4724e-01,  1.6449e-01],
         [ 0.0000e+00,  0.0000e+00,  0.0000e+00,  1.0000e+00]],

        [[-7.2289e-01,  6.6833e-01, -1.7542e-01,  1.8877e-01],
         [ 6.1805e-01,  7.3893e-01,  2.6830e-01, -2.0588e-01],
         [ 3.0894e-01,  8.5529e-02, -9.4723e-01,  1.6351e-01],
         [ 0.0000e+00,  0.0000e+00,  0.0000e+00,  1.0000e+00]],

        [[-7.2195e-01,  6.6911e-01, -1.7628e-01,  1.8912e-01],
         [ 6.1863e-01,  7.3829e-01,  2.6873e-01, -2.0698e-01],
         [ 3.0996e-01,  8.4960e-02, -9.4695e-01,  1.6242e-01],
         [ 0.0000e+00,  0.0000e+00,  0.0000e+00,  1.0000e+00]],

        [[-7.2143e-01,  6.6910e-01, -1.7842e-01,  1.8871e-01],
         [ 6.1866e-01,  7.3852e-01,  2.6803e-01, -2.0711e-01],
         [ 3.1111e-01,  8.2989e-02, -9.4674e-01,  1.6125e-01],
         [ 0.0000e+00,  0.0000e+00,  0.0000e+00,  1.0000e+00]],

        [[-7.2103e-01,  6.6889e-01, -1.8084e-01,  1.8912e-01],
         [ 6.1774e-01,  7.3876e-01,  2.6950e-01, -2.0693e-01],
         [ 3.1386e-01,  8.2604e-02, -9.4587e-01,  1.5965e-01],
         [ 0.0000e+00,  0.0000e+00,  0.0000e+00,  1.0000e+00]],

        [[-7.2002e-01,  6.7012e-01, -1.8030e-01,  1.8809e-01],
         [ 6.1840e-01,  7.3749e-01,  2.7148e-01, -2.0515e-01],
         [ 3.1490e-01,  8.3970e-02, -9.4540e-01,  1.5839e-01],
         [ 0.0000e+00,  0.0000e+00,  0.0000e+00,  1.0000e+00]],

        [[-7.1889e-01,  6.7065e-01, -1.8282e-01,  1.8805e-01],
         [ 6.1852e-01,  7.3718e-01,  2.7205e-01, -2.0496e-01],
         [ 3.1722e-01,  8.2494e-02, -9.4476e-01,  1.5721e-01],
         [ 0.0000e+00,  0.0000e+00,  0.0000e+00,  1.0000e+00]],

        [[-7.1766e-01,  6.7085e-01, -1.8688e-01,  1.8671e-01],
         [ 6.1842e-01,  7.3731e-01,  2.7191e-01, -2.0476e-01],
         [ 3.2020e-01,  7.9570e-02, -9.4400e-01,  1.5646e-01],
         [ 0.0000e+00,  0.0000e+00,  0.0000e+00,  1.0000e+00]],

        [[-7.1627e-01,  6.7167e-01, -1.8924e-01,  1.8527e-01],
         [ 6.1870e-01,  7.3669e-01,  2.7295e-01, -2.0361e-01],
         [ 3.2274e-01,  7.8424e-02, -9.4323e-01,  1.5501e-01],
         [ 0.0000e+00,  0.0000e+00,  0.0000e+00,  1.0000e+00]],

        [[-7.1580e-01,  6.7140e-01, -1.9199e-01,  1.8578e-01],
         [ 6.1789e-01,  7.3705e-01,  2.7380e-01, -2.0356e-01],
         [ 3.2534e-01,  7.7360e-02, -9.4243e-01,  1.5303e-01],
         [ 0.0000e+00,  0.0000e+00,  0.0000e+00,  1.0000e+00]],

        [[-7.1523e-01,  6.7169e-01, -1.9309e-01,  1.8502e-01],
         [ 6.1824e-01,  7.3691e-01,  2.7340e-01, -2.0172e-01],
         [ 3.2593e-01,  7.6162e-02, -9.4232e-01,  1.5211e-01],
         [ 0.0000e+00,  0.0000e+00,  0.0000e+00,  1.0000e+00]],

        [[-7.1447e-01,  6.7171e-01, -1.9578e-01,  1.8463e-01],
         [ 6.1817e-01,  7.3710e-01,  2.7304e-01, -2.0168e-01],
         [ 3.2771e-01,  7.4050e-02, -9.4187e-01,  1.5097e-01],
         [ 0.0000e+00,  0.0000e+00,  0.0000e+00,  1.0000e+00]],

        [[-7.2060e-01,  6.7386e-01, -1.6326e-01,  1.5847e-01],
         [ 6.2622e-01,  7.3361e-01,  2.6396e-01, -1.8087e-01],
         [ 2.9764e-01,  8.7975e-02, -9.5061e-01,  1.0786e-01],
         [ 0.0000e+00,  0.0000e+00,  0.0000e+00,  1.0000e+00]],

        [[-7.2055e-01,  6.7347e-01, -1.6506e-01,  1.5631e-01],
         [ 6.2633e-01,  7.3428e-01,  2.6181e-01, -1.7742e-01],
         [ 2.9752e-01,  8.5262e-02, -9.5090e-01,  1.0292e-01],
         [ 0.0000e+00,  0.0000e+00,  0.0000e+00,  1.0000e+00]],

        [[-7.1990e-01,  6.7318e-01, -1.6906e-01,  1.5666e-01],
         [ 6.2609e-01,  7.3496e-01,  2.6047e-01, -1.7768e-01],
         [ 2.9959e-01,  8.1663e-02, -9.5057e-01,  1.0385e-01],
         [ 0.0000e+00,  0.0000e+00,  0.0000e+00,  1.0000e+00]],

        [[-7.2047e-01,  6.7333e-01, -1.6597e-01,  1.5240e-01],
         [ 6.2735e-01,  7.3482e-01,  2.5783e-01, -1.7316e-01],
         [ 2.9556e-01,  8.1632e-02, -9.5183e-01,  9.2949e-02],
         [ 0.0000e+00,  0.0000e+00,  0.0000e+00,  1.0000e+00]],

        [[-7.2098e-01,  6.7266e-01, -1.6647e-01,  1.4969e-01],
         [ 6.2687e-01,  7.3551e-01,  2.5703e-01, -1.7124e-01],
         [ 2.9534e-01,  8.0957e-02, -9.5196e-01,  8.5123e-02],
         [ 0.0000e+00,  0.0000e+00,  0.0000e+00,  1.0000e+00]],

        [[-7.2093e-01,  6.7213e-01, -1.6883e-01,  1.4830e-01],
         [ 6.2683e-01,  7.3633e-01,  2.5476e-01, -1.6849e-01],
         [ 2.9555e-01,  7.7836e-02, -9.5215e-01,  8.2484e-02],
         [ 0.0000e+00,  0.0000e+00,  0.0000e+00,  1.0000e+00]],

        [[-7.2088e-01,  6.7154e-01, -1.7138e-01,  1.4669e-01],
         [ 6.2675e-01,  7.3721e-01,  2.5239e-01, -1.6662e-01],
         [ 2.9583e-01,  7.4527e-02, -9.5233e-01,  7.8921e-02],
         [ 0.0000e+00,  0.0000e+00,  0.0000e+00,  1.0000e+00]],

        [[-7.2156e-01,  6.7056e-01, -1.7236e-01,  1.4214e-01],
         [ 6.2641e-01,  7.3831e-01,  2.5000e-01, -1.6418e-01],
         [ 2.9489e-01,  7.2419e-02, -9.5278e-01,  7.5409e-02],
         [ 0.0000e+00,  0.0000e+00,  0.0000e+00,  1.0000e+00]],

        [[-7.2238e-01,  6.6917e-01, -1.7430e-01,  1.3825e-01],
         [ 6.2570e-01,  7.3985e-01,  2.4722e-01, -1.6015e-01],
         [ 2.9439e-01,  6.9525e-02, -9.5315e-01,  7.3087e-02],
         [ 0.0000e+00,  0.0000e+00,  0.0000e+00,  1.0000e+00]],

        [[-7.2277e-01,  6.6832e-01, -1.7593e-01,  1.3520e-01],
         [ 6.2543e-01,  7.4085e-01,  2.4491e-01, -1.5542e-01],
         [ 2.9402e-01,  6.6984e-02, -9.5345e-01,  7.1777e-02],
         [ 0.0000e+00,  0.0000e+00,  0.0000e+00,  1.0000e+00]],

        [[-7.2328e-01,  6.6749e-01, -1.7698e-01,  1.3068e-01],
         [ 6.2499e-01,  7.4174e-01,  2.4333e-01, -1.5178e-01],
         [ 2.9369e-01,  6.5386e-02, -9.5366e-01,  6.5992e-02],
         [ 0.0000e+00,  0.0000e+00,  0.0000e+00,  1.0000e+00]],

        [[-7.2422e-01,  6.6608e-01, -1.7842e-01,  1.2366e-01],
         [ 6.2451e-01,  7.4327e-01,  2.3986e-01, -1.4656e-01],
         [ 2.9238e-01,  6.2286e-02, -9.5427e-01,  6.3767e-02],
         [ 0.0000e+00,  0.0000e+00,  0.0000e+00,  1.0000e+00]],

        [[-7.2536e-01,  6.6492e-01, -1.7816e-01,  1.1511e-01],
         [ 6.2397e-01,  7.4439e-01,  2.3778e-01, -1.4017e-01],
         [ 2.9072e-01,  6.1307e-02, -9.5484e-01,  5.9112e-02],
         [ 0.0000e+00,  0.0000e+00,  0.0000e+00,  1.0000e+00]],

        [[-7.2517e-01,  6.6422e-01, -1.8151e-01,  1.1120e-01],
         [ 6.2354e-01,  7.4528e-01,  2.3613e-01, -1.3495e-01],
         [ 2.9212e-01,  5.8058e-02, -9.5462e-01,  5.9519e-02],
         [ 0.0000e+00,  0.0000e+00,  0.0000e+00,  1.0000e+00]],

        [[-7.2478e-01,  6.6447e-01, -1.8215e-01,  1.0750e-01],
         [ 6.2420e-01,  7.4518e-01,  2.3467e-01, -1.3088e-01],
         [ 2.9167e-01,  5.6383e-02, -9.5486e-01,  5.7216e-02],
         [ 0.0000e+00,  0.0000e+00,  0.0000e+00,  1.0000e+00]],

        [[-7.2481e-01,  6.6405e-01, -1.8353e-01,  1.0300e-01],
         [ 6.2419e-01,  7.4571e-01,  2.3303e-01, -1.2461e-01],
         [ 2.9160e-01,  5.4344e-02, -9.5499e-01,  5.7076e-02],
         [ 0.0000e+00,  0.0000e+00,  0.0000e+00,  1.0000e+00]],

        [[-7.2618e-01,  6.6180e-01, -1.8624e-01,  9.4556e-02],
         [ 6.2221e-01,  7.4786e-01,  2.3142e-01, -1.1555e-01],
         [ 2.9243e-01,  5.2168e-02, -9.5486e-01,  5.6442e-02],
         [ 0.0000e+00,  0.0000e+00,  0.0000e+00,  1.0000e+00]],

        [[-7.2602e-01,  6.6159e-01, -1.8761e-01,  8.5229e-02],
         [ 6.2218e-01,  7.4815e-01,  2.3056e-01, -1.0489e-01],
         [ 2.9290e-01,  5.0667e-02, -9.5480e-01,  5.4971e-02],
         [ 0.0000e+00,  0.0000e+00,  0.0000e+00,  1.0000e+00]],

        [[-7.2521e-01,  6.6156e-01, -1.9082e-01,  7.9613e-02],
         [ 6.2253e-01,  7.4841e-01,  2.2878e-01, -9.7305e-02],
         [ 2.9416e-01,  4.7118e-02, -9.5459e-01,  5.3886e-02],
         [ 0.0000e+00,  0.0000e+00,  0.0000e+00,  1.0000e+00]],

        [[-7.2532e-01,  6.6108e-01, -1.9206e-01,  7.2725e-02],
         [ 6.2241e-01,  7.4894e-01,  2.2735e-01, -8.9096e-02],
         [ 2.9414e-01,  4.5364e-02, -9.5469e-01,  5.3140e-02],
         [ 0.0000e+00,  0.0000e+00,  0.0000e+00,  1.0000e+00]],

        [[-7.2628e-01,  6.5949e-01, -1.9389e-01,  6.4665e-02],
         [ 6.2093e-01,  7.5042e-01,  2.2654e-01, -8.0332e-02],
         [ 2.9490e-01,  4.4144e-02, -9.5451e-01,  5.1178e-02],
         [ 0.0000e+00,  0.0000e+00,  0.0000e+00,  1.0000e+00]],

        [[-7.2610e-01,  6.5871e-01, -1.9719e-01,  5.6816e-02],
         [ 6.2041e-01,  7.5127e-01,  2.2514e-01, -7.0590e-02],
         [ 2.9645e-01,  4.1137e-02, -9.5416e-01,  5.0198e-02],
         [ 0.0000e+00,  0.0000e+00,  0.0000e+00,  1.0000e+00]],

        [[-7.2560e-01,  6.5884e-01, -1.9860e-01,  5.0146e-02],
         [ 6.2135e-01,  7.5133e-01,  2.2234e-01, -6.3216e-02],
         [ 2.9570e-01,  3.7932e-02, -9.5453e-01,  4.8903e-02],
         [ 0.0000e+00,  0.0000e+00,  0.0000e+00,  1.0000e+00]],

        [[-7.2492e-01,  6.5914e-01, -2.0006e-01,  4.6816e-02],
         [ 6.2193e-01,  7.5116e-01,  2.2127e-01, -5.8889e-02],
         [ 2.9612e-01,  3.5979e-02, -9.5447e-01,  4.8661e-02],
         [ 0.0000e+00,  0.0000e+00,  0.0000e+00,  1.0000e+00]],

        [[-7.2578e-01,  6.5775e-01, -2.0152e-01,  4.1849e-02],
         [ 6.2135e-01,  7.5250e-01,  2.1832e-01, -5.2102e-02],
         [ 2.9524e-01,  3.3238e-02, -9.5484e-01,  4.7894e-02],
         [ 0.0000e+00,  0.0000e+00,  0.0000e+00,  1.0000e+00]],

        [[-7.2573e-01,  6.5714e-01, -2.0368e-01,  3.9719e-02],
         [ 6.2141e-01,  7.5317e-01,  2.1585e-01, -4.7859e-02],
         [ 2.9525e-01,  3.0074e-02, -9.5495e-01,  4.6285e-02],
         [ 0.0000e+00,  0.0000e+00,  0.0000e+00,  1.0000e+00]],

        [[-7.2476e-01,  6.5750e-01, -2.0594e-01,  4.0255e-02],
         [ 6.2224e-01,  7.5297e-01,  2.1415e-01, -4.6882e-02],
         [ 2.9587e-01,  2.7060e-02, -9.5485e-01,  4.6517e-02],
         [ 0.0000e+00,  0.0000e+00,  0.0000e+00,  1.0000e+00]],

        [[-7.2355e-01,  6.5761e-01, -2.0982e-01,  4.4121e-02],
         [ 6.2193e-01,  7.5293e-01,  2.1516e-01, -5.0776e-02],
         [ 2.9947e-01,  2.5190e-02, -9.5377e-01,  6.2610e-02],
         [ 0.0000e+00,  0.0000e+00,  0.0000e+00,  1.0000e+00]],

        [[-7.2388e-01,  6.5663e-01, -2.1177e-01,  4.3363e-02],
         [ 6.2093e-01,  7.5383e-01,  2.1492e-01, -5.1747e-02],
         [ 3.0076e-01,  2.4081e-02, -9.5340e-01,  7.2616e-02],
         [ 0.0000e+00,  0.0000e+00,  0.0000e+00,  1.0000e+00]],

        [[-7.2510e-01,  6.5480e-01, -2.1323e-01,  3.9418e-02],
         [ 6.1989e-01,  7.5550e-01,  2.1204e-01, -4.6658e-02],
         [ 2.9994e-01,  2.1567e-02, -9.5372e-01,  7.5296e-02],
         [ 0.0000e+00,  0.0000e+00,  0.0000e+00,  1.0000e+00]],

        [[-7.2560e-01,  6.5379e-01, -2.1462e-01,  3.6295e-02],
         [ 6.1957e-01,  7.5643e-01,  2.0961e-01, -4.3226e-02],
         [ 2.9939e-01,  1.9116e-02, -9.5394e-01,  7.1107e-02],
         [ 0.0000e+00,  0.0000e+00,  0.0000e+00,  1.0000e+00]],

        [[-7.2606e-01,  6.5286e-01, -2.1588e-01,  3.3788e-02],
         [ 6.1946e-01,  7.5730e-01,  2.0681e-01, -3.8696e-02],
         [ 2.9850e-01,  1.6428e-02, -9.5427e-01,  7.2070e-02],
         [ 0.0000e+00,  0.0000e+00,  0.0000e+00,  1.0000e+00]],

        [[-7.2715e-01,  6.5367e-01, -2.0969e-01,  2.8686e-02],
         [ 6.2058e-01,  7.5652e-01,  2.0631e-01, -3.8798e-02],
         [ 2.9350e-01,  1.9884e-02, -9.5575e-01,  9.5701e-02],
         [ 0.0000e+00,  0.0000e+00,  0.0000e+00,  1.0000e+00]],

        [[-7.2770e-01,  6.5069e-01, -2.1693e-01,  1.7158e-02],
         [ 6.1800e-01,  7.5921e-01,  2.0417e-01, -2.5213e-02],
         [ 2.9755e-01,  1.4507e-02, -9.5460e-01,  7.5883e-02],
         [ 0.0000e+00,  0.0000e+00,  0.0000e+00,  1.0000e+00]],

        [[-7.2849e-01,  6.4925e-01, -2.1857e-01,  8.8930e-03],
         [ 6.1685e-01,  7.6046e-01,  2.0296e-01, -1.8316e-02],
         [ 2.9799e-01,  1.3031e-02, -9.5448e-01,  7.9032e-02],
         [ 0.0000e+00,  0.0000e+00,  0.0000e+00,  1.0000e+00]],

        [[-7.2990e-01,  6.4743e-01, -2.1928e-01,  5.4789e-04],
         [ 6.1626e-01,  7.6206e-01,  1.9874e-01, -8.0573e-03],
         [ 2.9577e-01,  9.9282e-03, -9.5521e-01,  7.7566e-02],
         [ 0.0000e+00,  0.0000e+00,  0.0000e+00,  1.0000e+00]],

        [[-7.2835e-01,  6.4832e-01, -2.2181e-01, -6.7851e-04],
         [ 6.1738e-01,  7.6134e-01,  1.9800e-01, -5.3217e-03],
         [ 2.9724e-01,  7.2763e-03, -9.5478e-01,  8.2254e-02],
         [ 0.0000e+00,  0.0000e+00,  0.0000e+00,  1.0000e+00]],

        [[-7.2828e-01,  6.4773e-01, -2.2373e-01, -5.2002e-04],
         [ 6.1727e-01,  7.6186e-01,  1.9634e-01, -2.5624e-03],
         [ 2.9762e-01,  4.8851e-03, -9.5467e-01,  8.8244e-02],
         [ 0.0000e+00,  0.0000e+00,  0.0000e+00,  1.0000e+00]],

        [[-7.2843e-01,  6.4665e-01, -2.2633e-01, -9.0804e-04],
         [ 6.1696e-01,  7.6278e-01,  1.9371e-01, -2.8620e-03],
         [ 2.9790e-01,  1.4675e-03, -9.5460e-01,  9.3764e-02],
         [ 0.0000e+00,  0.0000e+00,  0.0000e+00,  1.0000e+00]],

        [[-7.2882e-01,  6.4564e-01, -2.2798e-01,  3.5348e-04],
         [ 6.1619e-01,  7.6364e-01,  1.9278e-01, -2.6579e-03],
         [ 2.9856e-01,  2.3571e-05, -9.5439e-01,  9.9664e-02],
         [ 0.0000e+00,  0.0000e+00,  0.0000e+00,  1.0000e+00]],

        [[-7.2914e-01,  6.4478e-01, -2.2938e-01,  1.1309e-03],
         [ 6.1571e-01,  7.6436e-01,  1.9144e-01, -2.2725e-03],
         [ 2.9876e-01, -1.6463e-03, -9.5433e-01,  1.0478e-01],
         [ 0.0000e+00,  0.0000e+00,  0.0000e+00,  1.0000e+00]],

        [[-7.2895e-01,  6.4390e-01, -2.3243e-01,  2.8009e-03],
         [ 6.1528e-01,  7.6509e-01,  1.8990e-01, -4.1695e-03],
         [ 3.0011e-01, -4.5809e-03, -9.5389e-01,  1.0973e-01],
         [ 0.0000e+00,  0.0000e+00,  0.0000e+00,  1.0000e+00]],

        [[-7.2929e-01,  6.4345e-01, -2.3259e-01,  2.8258e-03],
         [ 6.1570e-01,  7.6545e-01,  1.8707e-01, -3.9701e-03],
         [ 2.9841e-01, -6.7799e-03, -9.5441e-01,  1.1424e-01],
         [ 0.0000e+00,  0.0000e+00,  0.0000e+00,  1.0000e+00]],

        [[-7.2928e-01,  6.4292e-01, -2.3410e-01,  5.0790e-03],
         [ 6.1574e-01,  7.6588e-01,  1.8520e-01, -4.5607e-03],
         [ 2.9837e-01, -9.0807e-03, -9.5441e-01,  1.1979e-01],
         [ 0.0000e+00,  0.0000e+00,  0.0000e+00,  1.0000e+00]],

        [[-7.2972e-01,  6.4246e-01, -2.3402e-01,  4.4676e-03],
         [ 6.1578e-01,  7.6626e-01,  1.8349e-01, -3.3673e-03],
         [ 2.9720e-01, -1.0213e-02, -9.5476e-01,  1.2354e-01],
         [ 0.0000e+00,  0.0000e+00,  0.0000e+00,  1.0000e+00]],

        [[-7.3007e-01,  6.4165e-01, -2.3513e-01,  4.3088e-03],
         [ 6.1554e-01,  7.6690e-01,  1.8159e-01, -2.5587e-03],
         [ 2.9684e-01, -1.2163e-02, -9.5485e-01,  1.2764e-01],
         [ 0.0000e+00,  0.0000e+00,  0.0000e+00,  1.0000e+00]],

        [[-7.3061e-01,  6.4054e-01, -2.3646e-01,  5.2175e-03],
         [ 6.1524e-01,  7.6778e-01,  1.7886e-01, -2.5262e-03],
         [ 2.9612e-01, -1.4808e-02, -9.5504e-01,  1.2836e-01],
         [ 0.0000e+00,  0.0000e+00,  0.0000e+00,  1.0000e+00]],

        [[-7.3090e-01,  6.4000e-01, -2.3704e-01,  5.3483e-03],
         [ 6.1508e-01,  7.6821e-01,  1.7757e-01, -2.4820e-03],
         [ 2.9574e-01, -1.6015e-02, -9.5513e-01,  1.2799e-01],
         [ 0.0000e+00,  0.0000e+00,  0.0000e+00,  1.0000e+00]],

        [[-7.3093e-01,  6.3927e-01, -2.3889e-01,  5.8119e-03],
         [ 6.1475e-01,  7.6877e-01,  1.7629e-01, -3.0210e-03],
         [ 2.9634e-01, -1.8002e-02, -9.5491e-01,  1.3504e-01],
         [ 0.0000e+00,  0.0000e+00,  0.0000e+00,  1.0000e+00]],

        [[-7.3062e-01,  6.3946e-01, -2.3936e-01,  7.2286e-03],
         [ 6.1534e-01,  7.6858e-01,  1.7502e-01, -3.0155e-03],
         [ 2.9588e-01, -1.9410e-02, -9.5503e-01,  1.4052e-01],
         [ 0.0000e+00,  0.0000e+00,  0.0000e+00,  1.0000e+00]],

        [[-7.3000e-01,  6.3949e-01, -2.4114e-01,  9.8946e-03],
         [ 6.1598e-01,  7.6848e-01,  1.7321e-01, -4.4407e-03],
         [ 2.9608e-01, -2.2095e-02, -9.5491e-01,  1.4590e-01],
         [ 0.0000e+00,  0.0000e+00,  0.0000e+00,  1.0000e+00]],

        [[-7.2978e-01,  6.3910e-01, -2.4283e-01,  1.2695e-02],
         [ 6.1594e-01,  7.6875e-01,  1.7216e-01, -5.9728e-03],
         [ 2.9670e-01, -2.3928e-02, -9.5467e-01,  1.5424e-01],
         [ 0.0000e+00,  0.0000e+00,  0.0000e+00,  1.0000e+00]],

        [[-7.2953e-01,  6.3885e-01, -2.4423e-01,  1.4994e-02],
         [ 6.1644e-01,  7.6887e-01,  1.6985e-01, -5.6051e-03],
         [ 2.9629e-01, -2.6647e-02, -9.5473e-01,  1.5766e-01],
         [ 0.0000e+00,  0.0000e+00,  0.0000e+00,  1.0000e+00]],

        [[-7.3013e-01,  6.3829e-01, -2.4390e-01,  1.5505e-02],
         [ 6.1637e-01,  7.6930e-01,  1.6814e-01, -5.8026e-03],
         [ 2.9496e-01, -2.7569e-02, -9.5511e-01,  1.6045e-01],
         [ 0.0000e+00,  0.0000e+00,  0.0000e+00,  1.0000e+00]],

        [[-7.3021e-01,  6.3773e-01, -2.4515e-01,  1.7081e-02],
         [ 6.1616e-01,  7.6971e-01,  1.6702e-01, -6.5646e-03],
         [ 2.9521e-01, -2.9094e-02, -9.5499e-01,  1.6686e-01],
         [ 0.0000e+00,  0.0000e+00,  0.0000e+00,  1.0000e+00]],

        [[-7.3017e-01,  6.3752e-01, -2.4581e-01,  1.8383e-02],
         [ 6.1633e-01,  7.6983e-01,  1.6581e-01, -6.4966e-03],
         [ 2.9494e-01, -3.0431e-02, -9.5503e-01,  1.7116e-01],
         [ 0.0000e+00,  0.0000e+00,  0.0000e+00,  1.0000e+00]],

        [[-7.3009e-01,  6.3741e-01, -2.4633e-01,  1.9277e-02],
         [ 6.1653e-01,  7.6988e-01,  1.6485e-01, -7.2034e-03],
         [ 2.9472e-01, -3.1513e-02, -9.5506e-01,  1.7360e-01],
         [ 0.0000e+00,  0.0000e+00,  0.0000e+00,  1.0000e+00]],

        [[-7.3070e-01,  6.3662e-01, -2.4658e-01,  1.9249e-02],
         [ 6.1607e-01,  7.7050e-01,  1.6366e-01, -6.5312e-03],
         [ 2.9418e-01, -3.2322e-02, -9.5520e-01,  1.7614e-01],
         [ 0.0000e+00,  0.0000e+00,  0.0000e+00,  1.0000e+00]],

        [[-7.3063e-01,  6.3635e-01, -2.4747e-01,  1.9590e-02],
         [ 6.1588e-01,  7.7070e-01,  1.6346e-01, -6.7281e-03],
         [ 2.9474e-01, -3.2981e-02, -9.5501e-01,  1.8013e-01],
         [ 0.0000e+00,  0.0000e+00,  0.0000e+00,  1.0000e+00]],

        [[-7.3008e-01,  6.3674e-01, -2.4807e-01,  1.9590e-02],
         [ 6.1655e-01,  7.7032e-01,  1.6270e-01, -6.8707e-03],
         [ 2.9469e-01, -3.4164e-02, -9.5498e-01,  1.8018e-01],
         [ 0.0000e+00,  0.0000e+00,  0.0000e+00,  1.0000e+00]],

        [[-7.3052e-01,  6.3629e-01, -2.4794e-01,  1.9783e-02],
         [ 6.1624e-01,  7.7068e-01,  1.6217e-01, -6.6960e-03],
         [ 2.9427e-01, -3.4320e-02, -9.5511e-01,  1.8206e-01],
         [ 0.0000e+00,  0.0000e+00,  0.0000e+00,  1.0000e+00]],

        [[-7.3054e-01,  6.3627e-01, -2.4791e-01,  2.0101e-02],
         [ 6.1633e-01,  7.7069e-01,  1.6179e-01, -6.6967e-03],
         [ 2.9401e-01, -3.4605e-02, -9.5518e-01,  1.8166e-01],
         [ 0.0000e+00,  0.0000e+00,  0.0000e+00,  1.0000e+00]],

        [[-7.3055e-01,  6.3632e-01, -2.4777e-01,  2.0081e-02],
         [ 6.1636e-01,  7.7065e-01,  1.6184e-01, -6.9145e-03],
         [ 2.9393e-01, -3.4479e-02, -9.5521e-01,  1.8212e-01],
         [ 0.0000e+00,  0.0000e+00,  0.0000e+00,  1.0000e+00]],

        [[-7.3063e-01,  6.3612e-01, -2.4804e-01,  2.0186e-02],
         [ 6.1625e-01,  7.7080e-01,  1.6157e-01, -6.6590e-03],
         [ 2.9397e-01, -3.4810e-02, -9.5518e-01,  1.8178e-01],
         [ 0.0000e+00,  0.0000e+00,  0.0000e+00,  1.0000e+00]],

        [[-7.3067e-01,  6.3613e-01, -2.4792e-01,  1.9568e-02],
         [ 6.1630e-01,  7.7079e-01,  1.6140e-01, -6.5904e-03],
         [ 2.9377e-01, -3.4866e-02, -9.5524e-01,  1.8280e-01],
         [ 0.0000e+00,  0.0000e+00,  0.0000e+00,  1.0000e+00]],

        [[-7.3078e-01,  6.3600e-01, -2.4790e-01,  1.9542e-02],
         [ 6.1630e-01,  7.7089e-01,  1.6095e-01, -6.3634e-03],
         [ 2.9347e-01, -3.5159e-02, -9.5532e-01,  1.8337e-01],
         [ 0.0000e+00,  0.0000e+00,  0.0000e+00,  1.0000e+00]],

        [[-7.3038e-01,  6.3623e-01, -2.4853e-01,  2.0072e-02],
         [ 6.1641e-01,  7.7070e-01,  1.6146e-01, -6.9180e-03],
         [ 2.9426e-01, -3.5265e-02, -9.5507e-01,  1.8212e-01],
         [ 0.0000e+00,  0.0000e+00,  0.0000e+00,  1.0000e+00]],

        [[-7.3068e-01,  6.3595e-01, -2.4834e-01,  1.9404e-02],
         [ 6.1631e-01,  7.7091e-01,  1.6081e-01, -6.4788e-03],
         [ 2.9372e-01, -3.5552e-02, -9.5523e-01,  1.8287e-01],
         [ 0.0000e+00,  0.0000e+00,  0.0000e+00,  1.0000e+00]],

        [[-7.3079e-01,  6.3587e-01, -2.4823e-01,  1.9531e-02],
         [ 6.1620e-01,  7.7098e-01,  1.6090e-01, -6.5115e-03],
         [ 2.9369e-01, -3.5375e-02, -9.5525e-01,  1.8310e-01],
         [ 0.0000e+00,  0.0000e+00,  0.0000e+00,  1.0000e+00]],

        [[-7.3091e-01,  6.3592e-01, -2.4775e-01,  1.9332e-02],
         [ 6.1613e-01,  7.7097e-01,  1.6121e-01, -6.5600e-03],
         [ 2.9352e-01, -3.4817e-02, -9.5532e-01,  1.8294e-01],
         [ 0.0000e+00,  0.0000e+00,  0.0000e+00,  1.0000e+00]],

